0.0 67297.64551682994 -24.43254551 -2.00886982 -1.02989831 -1.24608657 -0.34120365 nan 0.0
0.0 54098.419301906666 -24.50542265 -2.10976711 -1.69298942 -1.8811987 -0.17857008 -67297.64551682994 0.0
0.0 49869.15873433061 -2.43598810e+01 -2.05500437e+00 -8.99125767e-03 -1.13919455e+00 -1.74036232e+00 -54098.419301906666 0.0
0.0 25824.60333371197 -24.58628098 -2.10597346 -1.95186053 -0.92762838 -0.5125335 -49869.15873433061 0.0
0.0 24951.605358440276 -24.89141247 -2.08647957 -0.77361103 -1.67185426 -0.22151734 -25824.60333371197 0.0
0.0 22996.509059773845 -24.47770148 -2.25089635 -1.44462227 -0.79457706 -0.12952449 -24951.605358440276 0.0
0.0 17444.185444154075 -23.81986179 -2.05712938 -0.55726447 -0.98763853 -0.1154897 -22996.509059773845 0.0
0.0 17053.609190421317 -24.23526492 -2.175176 -1.54593383 -1.53085633 -0.74645893 -17444.185444154075 0.0
0.0 16995.413172440905 -24.64990846 -2.22987111 -0.08846296 -1.86288182 -0.63684487 -17053.609190421317 0.0
0.0 16016.780552927117 -24.9498115 -2.14571598 -0.15696996 -1.43717958 -0.6033497 -16995.413172440905 0.0
0.0 14746.033577559114 -24.00722853 -2.06323094 -1.87354876 -1.42102747 -0.87086558 -16016.780552927117 0.0
0.0 12616.330030835465 -24.62542727 -2.25148205 -0.10397103 -1.02464544 -1.6437308 -14746.033577559114 0.0
0.0 11816.3657348252 -24.2416998 -2.10417779 -1.76128753 -1.98563858 -1.28357662 -12616.330030835465 0.0
0.0 11231.27076751172 -24.60809407 -2.27208262 -0.18637125 -0.33377433 -0.5999591 -11816.3657348252 0.0
0.0 11205.424070176738 -23.84775703 -2.16525784 -1.73132473 -1.99781944 -0.2621789 -11231.27076751172 0.0
0.0 9062.71553509267 -24.31268646 -2.23119595 -0.43886294 -0.85099381 -1.25682988 -11205.424070176738 0.0
0.0 8017.273380472895 -24.63159936 -2.2338844 -0.92347001 -1.76435347 -0.45337622 -9062.71553509267 0.0
0.0 6946.172942089671 -24.18895433 -2.42033555 -1.90120804 -0.68231125 -0.34340023 -8017.273380472895 0.0
0.0 6623.76316612512 -23.83986761 -2.29413038 -0.35445038 -0.3002704 -0.39652484 -6946.172942089671 0.0
0.0 6309.87573754445 -23.90029705 -2.32289048 -0.20041169 -1.42672796 -1.02096444 -6623.76316612512 0.0
0.0 6222.381472810525 -24.91928994 -2.30817883 -0.71595462 -0.23585895 -0.07967164 -6309.87573754445 0.0
0.0 5781.599740609806 -24.75124859 -2.25454516 -1.56023429 -0.21397235 -0.78760181 -6222.381472810525 0.0
0.0 4982.931961993093 -24.80933257 -2.26522353 -1.1013998 -0.11982179 -1.78019985 -5781.599740609806 0.0
0.0 4379.9181166359485 -23.94289152 -2.30227301 -1.37107385 -0.53842157 -1.66851076 -4982.931961993093 0.0
0.0 3522.7181641271427 -23.82544833 -2.34126102 -0.39996467 -1.72861129 -1.12680367 -4379.9181166359485 0.0
0.0 3520.944736611513 -23.69567955 -2.36243545 -1.10545824 -0.48665643 -0.27759863 -3522.7181641271427 0.0
0.0 3277.392680484929 -23.50475256 -2.17913316 -1.03936642 -1.48598617 -0.57873525 -3520.944736611513 0.0
0.0 3065.31207791919 -24.13513158 -2.28129014 -0.93914278 -0.98719548 -1.97491729 -3277.392680484929 0.0
0.0 3052.875059523544 -23.54165638 -2.22931846 -1.21532478 -0.50084757 -0.54296554 -3065.31207791919 0.0
0.0 2910.9980917339876 -23.85229188 -2.36608174 -1.03009511 -0.19302802 -1.46092901 -3052.875059523544 0.0
0.0 2816.739533105446 -23.48784274 -2.21954249 -0.94332332 -1.46596032 -0.52336244 -2910.9980917339876 0.0
0.0 2631.5075372608667 -23.7553834 -2.44435876 -0.16740648 -1.10387487 -1.14078728 -2816.739533105446 0.0
0.0 2072.6186184877292 -24.36279549 -2.24997686 -1.77763239 -1.40475362 -1.2569736 -2631.5075372608667 0.0
0.0 1978.3509935845398 -24.38584239 -2.37119457 -0.82798673 -0.57187102 -1.10395731 -2072.6186184877292 0.0
0.0 1665.0857136495379 -23.56498486 -2.29737159 -1.60346416 -0.20193771 -1.18531615 -1978.3509935845398 0.0
0.0 1657.4297217439562 -23.25256485 -2.03951415 -1.87543142 -0.5486234 -1.32708628 -1665.0857136495379 0.0
0.0 1561.2720243829049 -23.73063653 -2.66679611 -0.13259869 -1.62212073 -0.07255071 -1657.4297217439562 0.0
0.0 1525.3841741598108 -24.98850788 -2.12238688 -1.85381583 -1.04780711 -1.18170423 -1561.2720243829049 0.0
0.0 1351.778369390237 -23.18140964 -4.82070039 -1.95264168 -1.70678302 -1.65323311 -1525.3841741598108 0.0
0.0 1351.6985060160177 -23.20431841 -4.89432144 -1.42908527 -1.42616956 -1.12854056 -1351.778369390237 0.0
0.0 1351.6376572504405 -23.13263434 -4.95542229 -1.42647345 -0.73353641 -0.02516486 -1351.6985060160177 0.0
0.0 1351.626225499425 -23.28917943 -4.87392883 -1.22458649 -1.76429631 -0.2408212 -1351.6376572504405 0.0
0.0 1351.622355542927 -23.15391745 -4.75942236 -1.59758818 -1.37035074 -1.29822118 -1351.626225499425 0.0
0.0 1351.5198387296264 -23.40232504 -4.66363695 -1.39167013 -1.29590206 -0.36853902 -1351.622355542927 0.0
0.0 1351.339623533827 -23.2513198 -4.73791019 -1.27381989 -0.69710718 -0.47321585 -1351.5198387296264 0.0
0.0 1351.1857194838933 -23.64084169 -4.17230553 -1.83452913 -1.58687247 -1.88480787 -1351.339623533827 0.0
0.0 1351.181842311715 -23.70484604 -4.26061232 -1.54653748 -1.50469585 -1.71345565 -1351.1857194838933 0.0
0.0 1351.045632241421 -24.2298617 -3.80432278 -1.96466183 -1.70112903 -0.7202656 -1351.181842311715 0.0
0.0 1350.9986232848325 -23.92954892 -4.05350767 -1.81017429 -1.08730001 -0.99171408 -1351.045632241421 0.0
0.0 1350.394907662902 -22.98943478 -4.75556495 -0.91423015 -1.3816876 -1.95143917 -1350.9986232848325 0.0
0.0 1350.2572779903821 -24.47441586 -3.60319179 -1.71074707 -1.74618251 -1.73346571 -1350.394907662902 0.0
0.0 1350.1670515813073 -23.67236215 -4.23641145 -1.33179937 -0.80274088 -1.04661843 -1350.2572779903821 0.0
0.0 1349.73888582798 -23.3356438 -4.35982076 -1.50744062 -0.85904071 -1.26027826 -1350.1670515813073 0.0
0.0 1349.462105173267 -22.52087213 -4.80974099 -1.15824148 -1.73208848 -1.24953413 -1349.73888582798 0.0
0.0 1349.324807052895 -2.31556648e+01 -4.90335856e+00 -2.17901490e-01 -1.11262653e+00 -1.59530191e-02 -1349.462105173267 0.0
0.0 1349.2173372168177 -22.59335235 -4.97676729 -1.25208569 -1.1507519 -0.09115632 -1349.324807052895 0.0
0.0 1348.9891092018042 -23.78849541 -4.11148163 -1.53915837 -0.89037114 -0.10324111 -1349.2173372168177 0.0
0.0 1348.8723399134453 -23.41119315 -4.75959548 -0.18644972 -1.8389144 -0.9194151 -1348.9891092018042 0.0
0.0 1348.7278222053033 -24.18436883 -3.7084463 -1.6489813 -1.04272329 -1.57455107 -1348.8723399134453 0.0
0.0 1348.6965265033955 -22.79504496 -4.67351656 -1.02598576 -0.96241264 -1.44196395 -1348.7278222053033 0.0
0.0 1348.6848809868793 -22.63432148 -4.75901058 -1.69586185 -1.65660495 -0.73578857 -1348.6965265033955 0.0
0.0 1348.434697454307 -23.30890356 -4.62284818 -0.50249415 -0.49014103 -1.74436716 -1348.6848809868793 0.0
0.0 1348.3188765237492 -24.57099348 -3.53662966 -1.40138931 -1.43476066 -1.30112885 -1348.434697454307 0.0
0.0 1348.2359263548562 -23.07540476 -4.70540679 -0.76990852 -0.11580113 -0.67062676 -1348.3188765237492 0.0
0.0 1348.1284319836514 -24.37224336 -3.68511252 -1.28028197 -1.27371319 -1.77348708 -1348.2359263548562 0.0
0.0 1348.101224042404 -22.34106662 -4.72298221 -1.48997688 -1.90024725 -1.72506039 -1348.1284319836514 0.0
0.0 1347.7518204837336 -22.57979153 -4.94408026 -0.47776578 -1.59019199 -1.63684845 -1348.101224042404 0.0
0.0 1347.712892535891 -22.97096468 -4.33963075 -1.434935 -1.66147198 -1.6091419 -1347.7518204837336 0.0
0.0 1347.4228744518741 -22.06868974 -4.85567085 -1.3811472 -1.69719723 -1.87937517 -1347.712892535891 0.0
0.0 1347.1485897742991 -22.60518508 -4.96977117 -0.33802249 -1.75721134 -0.88642958 -1347.4228744518741 0.0
0.0 1347.1459537884843 -23.73008393 -3.92536794 -1.32347891 -1.92809478 -1.63280677 -1347.1485897742991 0.0
0.0 1346.7304096791572 -23.91778968 -4.00019397 -0.96794116 -0.92490764 -1.33947857 -1347.1459537884843 0.0
0.0 1346.554547701661 -23.79299319 -4.29900054 -0.47210871 -1.06715531 -1.80057433 -1346.7304096791572 0.0
0.0 1346.3862996577973 -24.51817423 -3.66537852 -1.6387556 -0.13093877 -1.7112583 -1346.554547701661 0.0
0.0 1346.21771640159 -24.5712252 -3.43027777 -1.52214104 -0.93976296 -0.71985515 -1346.3862996577973 0.0
0.0 1345.9667006093375 -22.64754565 -4.66368802 -1.02753038 -0.8456303 -1.91943284 -1346.21771640159 0.0
0.0 1345.2832652571249 -22.39837198 -4.88952113 -1.21938775 -0.66589557 -0.5878583 -1345.9667006093375 0.0
0.0 1345.1499682789777 -22.80601265 -4.73477917 -0.71731061 -0.23676052 -1.09434154 -1345.2832652571249 0.0
0.0 1345.1316728928352 -23.09208213 -4.69205927 -0.26544877 -1.681045 -0.99187256 -1345.1499682789777 0.0
0.0 1344.708868251581 -23.62617278 -3.92134512 -1.87277614 -1.39342806 -0.87287697 -1345.1316728928352 0.0
0.0 1344.0383103568795 -24.05077303 -4.02480101 -0.60570783 -0.43783435 -1.52135248 -1344.708868251581 0.0
0.0 1344.0337496311827 -22.05350221 -4.94486073 -1.18475528 -1.46735313 -1.00482596 -1344.0383103568795 0.0
0.0 1344.0215964782683 -23.13908177 -4.70749288 -0.12252529 -1.11902758 -0.72833154 -1344.0337496311827 0.0
0.0 1343.9625500546624 -22.17614836 -4.96636913 -1.92311823 -1.39526279 -0.58739511 -1344.0215964782683 0.0
0.0 1343.6367995331914 -23.10859534 -4.1842194 -1.77445211 -1.9838507 -1.22433533 -1343.9625500546624 0.0
0.0 1343.5975844285122 -23.93859826 -4.20215938 -0.33032485 -0.5540825 -0.92488811 -1343.6367995331914 0.0
0.0 1343.5540971716011 -24.17186404 -3.63183639 -1.63385515 -1.73120922 -0.35891316 -1343.5975844285122 0.0
0.0 1343.3489721200087 -23.16734053 -4.36404029 -0.9065349 -1.76574389 -0.47962836 -1343.5540971716011 0.0
0.0 1343.093305367916 -23.54726467 -4.31497799 -0.5600899 -0.09672229 -0.37340704 -1343.3489721200087 0.0
0.0 1341.354990285739 -22.46671673 -4.83112447 -0.59185412 -0.33879666 -1.99401863 -1343.093305367916 0.0
0.0 1340.9359344560403 -22.41975733 -4.97495927 -0.13267692 -0.30729188 -1.13062222 -1341.354990285739 0.0
0.0 1340.4868764890682 -23.20241315 -4.57788125 -0.15186003 -1.14592137 -0.70847727 -1340.9359344560403 0.0
0.0 1340.0839713768385 -23.21715909 -4.35712788 -1.75480717 -0.26045204 -0.45388714 -1340.4868764890682 0.0
0.0 1339.8670958028797 -22.29519904 -4.76295975 -0.62535863 -1.15716215 -1.63175471 -1340.0839713768385 0.0
0.0 1339.6141652703307 -22.72807624 -4.47814016 -1.23036245 -1.2912541 -0.94178692 -1339.8670958028797 0.0
0.0 1338.8668209193622 -23.33375865 -4.24991613 -1.46396081 -1.15448951 -0.07536462 -1339.6141652703307 0.0
0.0 1337.9315260379192 -24.35494931 -3.62514638 -0.83205662 -1.97915631 -1.63916994 -1338.8668209193622 0.0
0.0 1336.6394812363758 -23.44763864 -4.33129415 -0.28497869 -0.41427151 -0.49603152 -1337.9315260379192 0.0
0.0 1336.0336314309943 -22.59840103 -4.73986503 -1.42723212 -0.13832462 -0.21535257 -1336.6394812363758 0.0
0.0 1335.9440729688915 -23.67278362 -3.90532023 -1.75176401 -0.74034505 -0.50934104 -1336.0336314309943 0.0
0.0 1334.9652631038223 -24.85780271 -3.21013204 -1.09798364 -0.87715599 -1.5024289 -1335.9440729688915 0.0
0.0 1334.500329639129 -22.55561052 -4.54005447 -1.11624298 -0.91271492 -0.9993986 -1334.9652631038223 0.0
0.0 1334.2319621752831 -24.28355347 -3.29868776 -1.45206533 -1.95308856 -1.82513418 -1334.500329639129 0.0
0.0 1333.9824719737644 -22.52740796 -4.75552452 -1.70996581 -0.33275173 -0.08821479 -1334.2319621752831 0.0
0.0 1333.1556063912737 -23.40879738 -4.3792047 -0.12618827 -0.62040736 -0.22526409 -1333.9824719737644 0.0
0.0 1332.7130341034579 -24.03431503 -3.63048478 -1.0417543 -1.29010871 -0.72711406 -1333.1556063912737 0.0
0.0 1332.6911419522608 -24.94282339 -3.08842235 -1.74331187 -0.46170976 -1.13984568 -1332.7130341034579 0.0
0.0 1331.5150639687854 -24.9298879 -3.05651528 -1.27131117 -0.94633472 -1.66465637 -1332.6911419522608 0.0
0.0 1331.4289547221777 -24.66003282 -3.40675703 -0.84066404 -0.43775606 -1.19395846 -1331.5150639687854 0.0
0.0 1331.2407043911726 -22.17175402 -4.8268127 -1.89066971 -1.12113074 -0.28968886 -1331.4289547221777 0.0
0.0 1330.8592542613405 -22.10648002 -4.70793534 -0.60086623 -1.19635738 -1.38546927 -1331.2407043911726 0.0
0.0 1330.7385522324648 -23.87738068 -4.12404898 -0.12948682 -0.48540238 -1.46487266 -1330.8592542613405 0.0
0.0 1329.483244953999 -22.0113225 -4.93523419 -0.08267633 -1.69185422 -1.23294236 -1330.7385522324648 0.0
0.0 1329.3266252024036 -22.02236404 -4.69970357 -0.59812018 -1.42626483 -1.44730826 -1329.483244953999 0.0
0.0 1328.50900854785 -24.98266585 -3.01220704 -1.30330271 -1.38864569 -0.2039659 -1329.3266252024036 0.0
0.0 1328.478843394334 -24.3240292 -3.47086073 -1.21364523 -1.08879892 -0.14503582 -1328.50900854785 0.0
0.0 1327.939352123534 -23.36311549 -4.07090164 -1.55535369 -0.47653988 -1.97208304 -1328.478843394334 0.0
0.0 1327.9028639672993 -22.29139445 -4.69901538 -0.72151672 -1.90539795 -0.53120893 -1327.939352123534 0.0
0.0 1327.3176316291153 -23.26181553 -4.39072797 -0.12352886 -1.27205015 -1.96202211 -1327.9028639672993 0.0
0.0 1326.859365466252 -22.86188972 -4.55856009 -0.14835774 -1.64945431 -0.59350856 -1327.3176316291153 0.0
0.0 1326.7318833574996 -24.42226526 -3.1869324 -1.86059458 -1.30593257 -0.9619165 -1326.859365466252 0.0
0.0 1326.5764321124823 -22.94881462 -4.19999585 -1.96972366 -0.84015289 -1.50677547 -1326.7318833574996 0.0
0.0 1326.239842398998 -23.60769568 -3.96363587 -1.33374949 -1.72120732 -0.10159287 -1326.5764321124823 0.0
0.0 1325.9476634106952 -22.60650471 -4.52804247 -1.52460189 -0.51688076 -0.63779838 -1326.239842398998 0.0
0.0 1325.159398724 -2.40168396e+01 -4.06538005e+00 -7.70164036e-03 -1.57457514e+00 -6.56210129e-01 -1325.9476634106952 0.0
0.0 1324.9922063861954 -23.1347637 -3.94824034 -1.35756069 -1.5402588 -1.64003529 -1325.159398724 0.0
0.0 1323.8911363947366 -23.672423 -3.88567554 -0.67077046 -1.93646781 -1.64469437 -1324.9922063861954 0.0
0.0 1321.394084304198 -24.86723412 -3.28746525 -0.66121489 -1.89585271 -0.74477283 -1323.8911363947366 0.0
0.0 1318.2465771754278 -24.73930711 -3.07116259 -1.49478023 -0.70590532 -1.35351497 -1321.394084304198 0.0
0.0 1316.829579533268 -23.28831228 -4.04659271 -0.63149708 -1.59297739 -1.08109896 -1318.2465771754278 0.0
0.0 1315.6126418790707 -23.16079541 -4.37707276 -0.06774616 -0.41285165 -0.77242185 -1316.829579533268 0.0
0.0 1315.1710269143975 -24.55109035 -3.52624607 -0.41415921 -1.86042237 -1.0380044 -1315.6126418790707 0.0
0.0 1314.8133949284947 -24.50156733 -3.22748916 -1.08985239 -1.02135025 -1.0470883 -1315.1710269143975 0.0
0.0 1314.4400405850624 -24.88069503 -2.96207022 -1.5826106 -1.8233164 -0.26121983 -1314.8133949284947 0.0
0.0 1313.72827111001 -22.71090684 -4.50277512 -1.1893727 -1.96419287 -0.03018428 -1314.4400405850624 0.0
0.0 1313.071329121962 -22.17843816 -4.73498052 -0.1793486 -1.0066045 -0.18311175 -1313.72827111001 0.0
0.0 1312.532594345412 -24.80170581 -3.21678447 -1.41469473 -0.02787212 -0.74196704 -1313.071329121962 0.0
0.0 1311.2106466521514 -22.04737479 -4.58355016 -0.646922 -0.56075352 -1.23369785 -1312.532594345412 0.0
0.0 1311.0714960024138 -24.71559992 -3.29918508 -0.76408626 -0.14826068 -1.51471552 -1311.2106466521514 0.0
0.0 1310.1694693183372 -22.71555677 -4.13065567 -1.18031785 -1.27555305 -1.82702114 -1311.0714960024138 0.0
0.0 1309.8885030181036 -2.38499038e+01 -3.85116292e+00 -7.67575315e-01 -4.07003579e-03 -1.47233901e-01 -1310.1694693183372 0.0
0.0 1307.2785716358585 -22.5089089 -4.46049657 -0.48413281 -0.55455393 -0.86056144 -1309.8885030181036 0.0
0.0 1306.317345163924 -22.85677177 -4.27661329 -1.77258596 -1.33120772 -0.47676202 -1307.2785716358585 0.0
0.0 1304.869286840313 -22.45258143 -4.28830784 -0.9352105 -1.15910584 -1.37948229 -1306.317345163924 0.0
0.0 1304.3765349619964 -23.42088241 -4.02542543 -1.82813225 -0.14448596 -1.42144969 -1304.869286840313 0.0
0.0 1304.3656707604875 -22.49245939 -4.30772547 -0.80433696 -0.99306865 -1.39907762 -1304.3765349619964 0.0
0.0 1302.71937153665 -22.49575781 -4.42776656 -0.91234078 -0.31598183 -1.91323235 -1304.3656707604875 0.0
0.0 1301.776717035948 -23.17354436 -3.7779455 -1.42157023 -1.71456154 -1.79526791 -1302.71937153665 0.0
0.0 1301.4058498914064 -23.29037127 -4.05088541 -0.43618125 -1.66274537 -1.50326607 -1301.776717035948 0.0
0.0 1299.162372729675 -23.28524147 -4.15845825 -0.33930883 -1.56979068 -0.04695109 -1301.4058498914064 0.0
0.0 1297.924073423118 -24.23415334 -3.57570363 -0.58385379 -0.09259965 -0.76717143 -1299.162372729675 0.0
0.0 1293.180310119209 -23.48052671 -4.01790518 -0.30618975 -1.79928864 -0.18372894 -1297.924073423118 0.0
0.0 1292.9346009566787 -22.80356482 -4.22568496 -1.03553013 -1.36717772 -0.58691357 -1293.180310119209 0.0
0.0 1292.1901840924334 -23.57543781 -3.49108885 -1.82107358 -1.51926071 -1.81225781 -1292.9346009566787 0.0
0.0 1291.5672966486347 -24.35100429 -3.47184746 -0.49407716 -1.21426483 -1.43978284 -1292.1901840924334 0.0
0.0 1288.6384291259044 -22.8733843 -4.34782855 -0.10256649 -1.56153121 -0.59185701 -1291.5672966486347 0.0
0.0 1288.296587610445 -22.32067482 -4.52577694 -0.41817388 -1.04309569 -0.13436905 -1288.6384291259044 0.0
0.0 1286.09176977031 -23.07514392 -4.00437324 -1.73182 -0.63693356 -1.83782408 -1288.296587610445 0.0
0.0 1283.0240262691748 -2.25248942e+01 -4.44882516e+00 -1.52312050e+00 -2.72383076e-01 -1.33261025e-02 -1286.09176977031 0.0
0.0 1280.1548893322492 -22.94677477 -3.93755205 -1.57956275 -1.55953966 -1.28724085 -1283.0240262691748 0.0
0.0 1277.1396784790552 -22.07688324 -4.51862696 -1.92758672 -0.83697055 -0.11410726 -1280.1548893322492 0.0
0.0 1275.860629646479 -22.46253207 -4.41537751 -1.31620756 -0.02350037 -0.33167981 -1277.1396784790552 0.0
0.0 1272.281390809535 -23.28129005 -4.09572505 -0.14160215 -0.66017647 -1.75974729 -1275.860629646479 0.0
0.0 1270.614437479465 -22.00771843 -4.27562276 -1.43968268 -1.27831512 -0.77715309 -1272.281390809535 0.0
0.0 1269.4663093589365 -23.08312879 -3.89801104 -1.6821498 -1.08540325 -1.10101333 -1270.614437479465 0.0
0.0 1262.8344630769052 -22.54253407 -4.34524749 -1.10238857 -1.62951394 -0.0917429 -1269.4663093589365 0.0
0.0 1260.894337400392 -24.54773409 -3.0899003 -1.58882341 -1.11440959 -0.26824001 -1262.8344630769052 0.0
0.0 1255.7228023012146 -22.96708058 -4.06211887 -0.60699239 -0.41452678 -1.59152969 -1260.894337400392 0.0
0.0 1255.443539233616 -22.96165497 -3.99295888 -1.9199593 -1.71231708 -0.7211644 -1255.7228023012146 0.0
0.0 1253.394506197782 -24.05966814 -3.28295632 -1.53749836 -1.12948297 -0.92422385 -1255.443539233616 0.0
0.0 1251.9617334843258 -23.60789045 -3.58090291 -1.83827707 -0.77936099 -1.45436078 -1253.394506197782 0.0
0.0 1251.2309392863406 -2.29368531e+01 -4.25039914e+00 -1.48862919e-02 -1.41601572e+00 -2.92163582e-01 -1251.9617334843258 0.0
0.0 1248.1868779089864 -22.09378044 -4.17186809 -0.85031007 -0.77373669 -0.7438089 -1251.2309392863406 0.0
0.0 1239.8725897404327 -22.59542264 -4.27747157 -1.94152006 -1.00932665 -0.03441683 -1248.1868779089864 0.0
0.0 1235.28240696659 -23.32504438 -3.93405828 -1.65142788 -0.06069107 -0.57877655 -1239.8725897404327 0.0
0.0 1233.371434024225 -22.06170031 -3.92176367 -0.75022061 -1.12226989 -1.53756632 -1235.28240696659 0.0
0.0 1230.576747887926 -24.50479657 -3.25554741 -0.631155 -0.13457401 -0.15130082 -1233.371434024225 0.0
0.0 1221.040488167967 -22.22359102 -4.06214619 -1.06571826 -0.04047333 -0.73040313 -1230.576747887926 0.0
0.0 1220.0547313555194 -24.3662646 -3.14925515 -0.88309933 -1.85980408 -0.58902002 -1221.040488167967 0.0
0.0 1217.7654110912765 -2.46396899e+01 -3.33655265e+00 -1.37589915e-01 -2.22460357e-02 -9.66188872e-01 -1220.0547313555194 0.0
0.0 1213.0353403538677 -22.09463859 -3.8465544 -1.32207929 -0.6678941 -1.86426913 -1217.7654110912765 0.0
0.0 1211.7918115848315 -22.10747462 -3.83787647 -1.12651163 -1.09584776 -1.19681406 -1213.0353403538677 0.0
0.0 1210.9385096599726 -22.05184938 -3.91056368 -0.18661635 -1.00013382 -1.74380127 -1211.7918115848315 0.0
0.0 1209.8529382214256 -22.3000227 -4.02492866 -0.57621831 -0.11020806 -1.60770559 -1210.9385096599726 0.0
0.0 1205.3117610408956 -24.41240096 -3.31698474 -0.35736172 -0.42146827 -1.09154576 -1209.8529382214256 0.0
0.0 1204.2360572280284 -22.38909314 -4.09247362 -0.18696177 -1.07592537 -1.48235162 -1205.3117610408956 0.0
0.0 1204.0378016356406 -23.48953348 -3.65945435 -1.33824015 -1.51952696 -0.60091936 -1204.2360572280284 0.0
0.0 1203.8595044217104 -22.26128732 -4.02213755 -0.17727573 -0.36345875 -1.98804082 -1204.0378016356406 0.0
0.0 1202.0661555757642 -24.58316588 -3.10457331 -1.29316381 -0.16636154 -0.5651437 -1203.8595044217104 0.0
0.0 1200.0742831408356 -24.28656389 -3.13284429 -1.11066993 -1.56950186 -0.66129272 -1202.0661555757642 0.0
0.0 1196.9585044135545 -23.12003848 -3.80392851 -1.71506642 -1.19561125 -0.71805565 -1200.0742831408356 0.0
0.0 1196.8336565655022 -24.08084628 -3.32746681 -0.86448858 -1.19763535 -0.48276729 -1196.9585044135545 0.0
0.0 1193.7384830282099 -24.33110568 -3.06137008 -1.25273279 -0.79972838 -1.62290111 -1196.8336565655022 0.0
0.0 1191.1472678031287 -24.32607994 -3.21148725 -1.2236271 -1.77473008 -0.12134291 -1193.7384830282099 0.0
0.0 1190.4731848131503 -24.71091846 -3.21704399 -0.2156667 -0.23505288 -0.67479287 -1191.1472678031287 0.0
0.0 1189.1699678256946 -22.69937276 -3.98315725 -1.0482086 -0.40898526 -1.09736612 -1190.4731848131503 0.0
0.0 1188.7554474206959 -23.31197152 -3.79453203 -0.87635262 -0.28171291 -1.35515972 -1189.1699678256946 0.0
0.0 1187.8867189301197 -22.74003237 -3.91111847 -1.64783977 -1.74032061 -0.85892869 -1188.7554474206959 0.0
0.0 1186.5694710124128 -22.38654379 -4.1200357 -0.02245809 -0.50168984 -0.78795476 -1187.8867189301197 0.0
0.0 1185.3337143778201 -24.65613976 -3.22312071 -0.23166486 -1.90629852 -0.33619987 -1186.5694710124128 0.0
0.0 1184.3161918224137 -24.46945747 -3.39955046 -0.06535501 -0.27867455 -1.87943939 -1185.3337143778201 0.0
0.0 1184.1077881554072 -24.9813801 -2.44122235 -1.79218412 -1.89394154 -1.36615951 -1184.3161918224137 0.0
0.0 1183.8844533828767 -23.60017127 -3.55484872 -0.81421173 -1.40814663 -0.70781246 -1184.1077881554072 0.0
0.0 1180.5761285347025 -22.87736174 -3.94737084 -0.4890409 -0.34559678 -1.95553607 -1183.8844533828767 0.0
0.0 1179.0537147766677 -22.05525003 -3.62771575 -0.7714527 -1.31813807 -1.11504847 -1180.5761285347025 0.0
0.0 1176.5445901959172 -24.91045635 -2.9040491 -0.59827241 -0.93584283 -1.89359291 -1179.0537147766677 0.0
0.0 1169.55809478464 -23.82832049 -3.43031229 -0.84114144 -0.56917629 -1.67917089 -1176.5445901959172 0.0
0.0 1168.5014137519634 -22.91055271 -3.68896518 -1.17882106 -1.62223208 -1.40282489 -1169.55809478464 0.0
0.0 1166.0952961028538 -22.33271466 -3.8352348 -0.73564442 -0.20344014 -1.18165389 -1168.5014137519634 0.0
0.0 1162.7081523636832 -22.02743219 -3.32858756 -1.95165556 -1.92863279 -1.73763322 -1166.0952961028538 0.0
0.0 1159.0097570323346 -22.36027453 -3.92684262 -0.2953022 -1.76015979 -0.86271197 -1162.7081523636832 0.0
0.0 1158.555720544332 -22.71260169 -3.94040408 -1.96050758 -1.84430893 -0.59270305 -1159.0097570323346 0.0
0.0 1156.2470885610185 -22.71271711 -3.94602438 -0.39188228 -1.01112061 -0.74180058 -1158.555720544332 0.0
0.0 1152.0932366486536 -23.93768417 -3.46060199 -0.47141344 -1.13344764 -0.33055482 -1156.2470885610185 0.0
0.0 1151.367739982602 -22.09778902 -3.6641921 -1.71364647 -0.16477846 -0.37340363 -1152.0932366486536 0.0
0.0 1145.1246982076705 -22.93998541 -3.89895189 -1.28695193 -0.57191688 -0.37596434 -1151.367739982602 0.0
0.0 1143.1196887840986 -22.62909911 -3.90699015 -1.48344934 -0.26175124 -1.470027 -1145.1246982076705 0.0
0.0 1142.8948046714384 -23.88972079 -2.58638016 -1.14065162 -0.07061329 -1.24624129 -1143.1196887840986 0.0
0.0 1141.468242044426 -22.50187565 -3.80908678 -1.28950713 -1.7374522 -1.07879677 -1142.8948046714384 0.0
0.0 1141.2849004629518 -22.75402797 -3.74811077 -1.03753839 -0.93195065 -1.68566632 -1141.468242044426 0.0
0.0 1140.8692304208605 -22.39763566 -3.83364033 -0.23610255 -1.18633708 -1.89533733 -1141.2849004629518 0.0
0.0 1138.977940328107 -22.65682482 -3.72500328 -0.63497225 -1.70909885 -1.92893311 -1140.8692304208605 0.0
0.0 1138.059628157178 -22.69663118 -3.83806279 -0.8402025 -1.87330234 -0.92968648 -1138.977940328107 0.0
0.0 1133.7668452458777 -24.77944657 -2.78197049 -1.27481516 -0.60548729 -1.05071074 -1138.059628157178 0.0
0.0 1132.837061073338 -23.21957118 -3.8064716 -0.66245384 -0.09596318 -1.21572984 -1133.7668452458777 0.0
0.0 1130.9870046646445 -22.83953274 -3.86397815 -0.28125432 -1.80710661 -1.35123128 -1132.837061073338 0.0
0.0 1130.435219422259 -24.90804285 -2.37383225 -0.98605662 -1.52896979 -0.39489538 -1130.9870046646445 0.0
0.0 1130.152230144596 -22.09813715 -3.54467748 -0.28262641 -0.63945795 -1.13402965 -1130.435219422259 0.0
0.0 1127.5395215104368 -22.12510549 -3.49204851 -0.37949795 -0.34377803 -1.4248166 -1130.152230144596 0.0
0.0 1127.149658623169 -23.08505949 -3.6954042 -0.75765834 -1.6812436 -0.92522661 -1127.5395215104368 0.0
0.0 1126.566951239095 -22.09122497 -3.18859346 -1.45557824 -1.57232309 -1.98261556 -1127.149658623169 0.0
0.0 1122.4361412047513 -24.05943118 -3.4332768 -0.34957346 -0.12512248 -1.09231798 -1126.566951239095 0.0
0.0 1120.7972258678565 -22.65751891 -3.64523508 -1.54335336 -1.37797781 -1.68966798 -1122.4361412047513 0.0
0.0 1120.6503126602993 -24.21860567 -3.29093485 -0.3663791 -0.94742302 -0.86504606 -1120.7972258678565 0.0
0.0 1116.6774039904803 -24.89616613 -2.59510841 -1.28436719 -1.16790521 -0.99486506 -1120.6503126602993 0.0
0.0 1114.8025407111782 -23.58373733 -3.42972442 -0.74272993 -1.0332445 -1.65703908 -1116.6774039904803 0.0
0.0 1114.6460413226143 -22.14147859 -3.43295516 -1.87312949 -0.80879276 -1.11589143 -1114.8025407111782 0.0
0.0 1112.714807885152 -22.03741705 -3.31183483 -1.67084566 -1.59696891 -1.025418 -1114.6460413226143 0.0
0.0 1109.5480189189436 -24.06874991 -2.42907057 -0.499554 -1.78143532 -1.83106833 -1112.714807885152 0.0
0.0 1108.7938801076327 -22.04472955 -3.38603138 -0.6203795 -1.67576927 -0.77682116 -1109.5480189189436 0.0
0.0 1105.673906766978 -24.46128728 -3.06030402 -1.49264493 -1.58686176 -0.08283195 -1108.7938801076327 0.0
0.0 1099.891381809031 -23.11520167 -3.7239534 -0.84178054 -0.42619126 -0.97766894 -1105.673906766978 0.0
0.0 1099.4608802441771 -24.77556701 -2.60702556 -1.41890504 -1.10405348 -1.97625202 -1099.891381809031 0.0
0.0 1098.5607032090927 -24.73331926 -2.8830635 -0.94062408 -0.34659021 -0.71864126 -1099.4608802441771 0.0
0.0 1092.198485977613 -22.08325498 -3.52078555 -0.65931986 -0.76028542 -0.06866866 -1098.5607032090927 0.0
0.0 1092.0103826402062 -22.55625207 -3.67813443 -0.61574515 -1.99777766 -1.38670539 -1092.198485977613 0.0
0.0 1091.8225944749154 -22.3430581 -3.71656487 -1.95167692 -1.2592761 -0.28421525 -1092.0103826402062 0.0
0.0 1089.7326378196112 -22.65313714 -3.87434364 -0.09872829 -0.60953334 -1.25354243 -1091.8225944749154 0.0
0.0 1089.729359602194 -22.09617992 -3.48392027 -1.78860863 -1.7051427 -0.22523411 -1089.7326378196112 0.0
0.0 1086.1645154358694 -22.10128661 -3.32835809 -1.15918593 -0.48487131 -0.92795629 -1089.729359602194 0.0
0.0 1080.6277981014468 -23.50167256 -2.48633303 -0.20743793 -0.79090228 -0.66290783 -1086.1645154358694 0.0
0.0 1080.3839819435898 -23.91464814 -3.34326935 -0.86393393 -0.55022043 -0.59250452 -1080.6277981014468 0.0
0.0 1077.6443862781273 -22.45818969 -3.83602463 -1.51038297 -1.04635447 -0.03796076 -1080.3839819435898 0.0
0.0 1076.7640281290583 -24.57191931 -3.1899093 -0.14660925 -1.04918345 -1.14322155 -1077.6443862781273 0.0
0.0 1076.1978336271738 -24.05563297 -3.29231601 -0.93781356 -1.64841177 -0.23985063 -1076.7640281290583 0.0
0.0 1072.7524758178465 -24.13903286 -3.30262747 -0.36525472 -0.45724252 -1.11191229 -1076.1978336271738 0.0
0.0 1071.9725639953992 -2.37205063e+01 -3.64834921e+00 -1.10178911e-02 -1.64129347e+00 -1.68340389e+00 -1072.7524758178465 0.0
0.0 1071.7164235715327 -22.31860021 -3.44812959 -0.50667055 -1.82918748 -1.48279015 -1071.9725639953992 0.0
0.0 1071.5379261934731 -22.03968802 -3.16252621 -0.81418913 -0.42986377 -1.71396835 -1071.7164235715327 0.0
0.0 1071.4879881806746 -22.72985501 -3.65602223 -1.55353946 -0.84291044 -1.89765007 -1071.5379261934731 0.0
0.0 1068.9553449999585 -22.01254222 -3.146742 -0.95909666 -0.09595492 -0.91986304 -1071.4879881806746 0.0
0.0 1068.809720240398 -22.10868707 -3.43426943 -1.58304266 -1.54104876 -0.18581797 -1068.9553449999585 0.0
0.0 1064.0362004261833 -22.49345843 -3.78771998 -1.18160487 -1.53084798 -0.18673076 -1068.809720240398 0.0
0.0 1063.517775794078 -22.12004847 -3.23549126 -1.69618246 -1.70772355 -0.9589584 -1064.0362004261833 0.0
0.0 1063.4058301257992 -22.59417223 -3.66243612 -1.77891408 -0.22951456 -1.96106393 -1063.517775794078 0.0
0.0 1059.5401650661838 -22.64904115 -3.63205241 -0.46365906 -1.93136978 -1.90856148 -1063.4058301257992 0.0
0.0 1059.2111773685745 -22.39819098 -3.48090252 -0.99176129 -0.49728132 -1.5809558 -1059.5401650661838 0.0
0.0 1056.4876435107667 -2.47132017e+01 -3.00472249e+00 -5.21967826e-01 -5.13533147e-03 -3.32983958e-01 -1059.2111773685745 0.0
0.0 1054.7337062322667 -23.27523798 -3.57441772 -0.59811838 -0.69606483 -1.80258797 -1056.4876435107667 0.0
0.0 1054.4303494936648 -24.52252205 -2.62605879 -0.51759289 -1.84413752 -0.07928533 -1054.7337062322667 0.0
0.0 1054.178850570956 -22.86227941 -3.79974003 -0.36866658 -0.11664044 -1.07825218 -1054.4303494936648 0.0
0.0 1053.7125256011186 -22.43748471 -3.55176678 -0.37263552 -0.27977237 -1.09374556 -1054.178850570956 0.0
0.0 1050.4325907117907 -22.32897342 -3.32009412 -0.96478727 -1.94468372 -1.34805119 -1053.7125256011186 0.0
0.0 1049.6911533894458 -22.59314202 -3.64592345 -1.53704944 -0.60648017 -1.09036183 -1050.4325907117907 0.0
0.0 1048.3687634960697 -24.61117426 -2.95769093 -0.64288196 -0.38334297 -1.77862687 -1049.6911533894458 0.0
0.0 1045.7284014831616 -22.56609774 -3.82124165 -0.85573881 -1.27642377 -0.08056252 -1048.3687634960697 0.0
0.0 1045.6764360896786 -23.2044423 -2.10317506 -1.16534521 -0.61788248 -1.70740036 -1045.7284014831616 0.0
0.0 1045.0130890941787 -22.38830757 -3.51951181 -1.08371774 -1.15621428 -0.66217073 -1045.6764360896786 0.0
0.0 1043.8603930183565 -23.20414896 -3.4171813 -1.72317072 -1.31408467 -1.48729659 -1045.0130890941787 0.0
0.0 1040.422847520103 -23.15190082 -3.57054998 -1.60391615 -1.5782216 -0.85540176 -1043.8603930183565 0.0
0.0 1038.1701076177426 -22.02124987 -3.04447873 -0.60627367 -0.91361899 -1.99027815 -1040.422847520103 0.0
0.0 1037.8339683974614 -22.02970363 -2.99283679 -1.25185472 -1.03923055 -1.90106888 -1038.1701076177426 0.0
0.0 1035.9842667344903 -22.72008595 -3.75713965 -1.55281964 -1.35478067 -0.55717423 -1037.8339683974614 0.0
0.0 1033.9780518147777 -24.9449424 -2.67203457 -1.23164337 -0.42240066 -0.6019665 -1035.9842667344903 0.0
0.0 1033.6743697926393 -22.43479864 -3.67617636 -0.26235073 -1.7197608 -0.16352363 -1033.9780518147777 0.0
0.0 1033.386619569755 -23.14920726 -3.62791212 -1.49955867 -0.86245303 -0.63611046 -1033.6743697926393 0.0
0.0 1030.3192001240875 -23.1515708 -3.59322729 -0.77052702 -1.46963371 -0.79138684 -1033.386619569755 0.0
0.0 1030.0648527800286 -24.96661802 -2.85340515 -0.36074513 -0.66320668 -1.85716016 -1030.3192001240875 0.0
0.0 1029.0374613826684 -23.40712213 -3.62328901 -1.29195461 -0.0705463 -1.098697 -1030.0648527800286 0.0
0.0 1028.2263680342294 -22.41806474 -3.60634245 -0.91532508 -0.15471199 -0.10296815 -1029.0374613826684 0.0
0.0 1021.9344112608121 -24.91391476 -2.74220566 -1.48623351 -0.22797908 -0.34037169 -1028.2263680342294 0.0
0.0 1020.798651238807 -2.46394138e+01 -3.17944971e+00 -1.45821570e-02 -1.04844658e+00 -1.66466036e+00 -1021.9344112608121 0.0
0.0 1011.5006919998909 -22.9453809 -3.42147852 -1.88310831 -1.6326689 -1.69603093 -1020.798651238807 0.0
0.0 1010.5888414442821 -24.74746554 -2.74526085 -1.12040205 -0.98750881 -0.44269803 -1011.5006919998909 0.0
0.0 1008.6155349153339 -24.66686502 -3.12742428 -0.07348738 -1.39120806 -1.57493344 -1010.5888414442821 0.0
0.0 1006.9158320513877 -22.4286444 -3.26683978 -1.99648801 -1.13899467 -1.95303674 -1008.6155349153339 0.0
0.0 1006.363121872825 -22.2969325 -3.44780625 -0.81147459 -0.23101754 -0.05256852 -1006.9158320513877 0.0
0.0 1004.3208573935163 -22.39811353 -3.45277346 -0.82698206 -1.38728624 -0.50512097 -1006.363121872825 0.0
0.0 1004.0489162115695 -22.47854857 -3.40224635 -1.3371822 -1.99977845 -1.0040421 -1004.3208573935163 0.0
0.0 1002.6918968099167 -22.85236738 -3.56561935 -0.60707636 -1.74944751 -1.35381347 -1004.0489162115695 0.0
0.0 1001.5648048286981 -24.2030449 -3.14650678 -0.62563062 -1.62617914 -0.44150924 -1002.6918968099167 0.0
0.0 1000.875520228769 -22.54428146 -3.3823607 -1.17110107 -1.87287132 -1.31814405 -1001.5648048286981 0.0
0.0 1000.7174337959236 -22.45441675 -3.59102471 -1.55209308 -0.73617264 -0.09925771 -1000.875520228769 0.0
0.0 1000.0 -23.7114145 -4.85957634 -1.32019319 -0.1384029 -1.76569077 -1000.7174337959236 0.0
0.0 1000.0 -24.19022221 -4.11512836 -0.66202681 -1.17453942 -1.4473817 nan 0.0
0.0 1000.0 -24.99388878 -4.66368779 -0.50031449 -1.04176748 -0.72805077 nan 0.0
0.0 1000.0 -23.82840615 -4.93284563 -0.45700112 -1.16978702 -0.42325416 nan 0.0
0.0 1000.0 -24.68054616 -4.97247222 -1.06986352 -0.78765509 -0.95024371 nan 0.0
0.0 1000.0 -24.04756681 -4.58493164 -0.65916245 -0.29121382 -0.40920706 nan 0.0
0.0 1000.0 -24.84563343 -3.65987927 -0.47243318 -0.69976544 -1.94305398 nan 0.0
0.0 1000.0 -23.81646951 -4.57589428 -1.50567085 -0.65386335 -1.80535702 nan 0.0
0.0 1000.0 -24.67914947 -3.86205305 -1.27286375 -1.26755617 -0.59232473 nan 0.0
0.0 1000.0 -24.63863315 -4.78342447 -1.26085266 -1.45086348 -0.71314118 nan 0.0
0.0 1000.0 -24.92054738 -3.50950611 -1.18891479 -0.25753934 -0.37302634 nan 0.0
0.0 1000.0 -24.29914171 -4.1729631 -0.44046008 -0.80281343 -0.33588111 nan 0.0
0.0 1000.0 -24.13363147 -4.70538008 -1.94076692 -1.05789087 -0.08220637 nan 0.0
0.0 1000.0 -24.36207396 -4.53917074 -1.46987336 -1.77983589 -1.94468968 nan 0.0
0.0 1000.0 -24.04267127 -4.63355778 -1.55326685 -1.32677587 -1.85471715 nan 0.0
0.0 1000.0 -24.61590825 -4.79275114 -0.03450179 -0.85093409 -1.64270519 nan 0.0
0.0 1000.0 -24.26003743 -4.42194641 -1.29489426 -0.90293622 -1.44718399 nan 0.0
0.0 1000.0 -24.11914138 -4.9464457 -0.45766974 -0.45471492 -0.84853792 nan 0.0
0.0 1000.0 -24.71976332 -4.74366663 -0.39596618 -0.58093133 -0.09461243 nan 0.0
0.0 1000.0 -24.88182782 -4.30731264 -0.05785205 -0.44070193 -0.39824679 nan 0.0
0.0 1000.0 -23.74664351 -4.74111379 -0.16334524 -0.96166367 -1.41886866 nan 0.0
0.0 1000.0 -23.46865833 -4.93015407 -1.48490615 -0.28784264 -0.31561021 nan 0.0
0.0 1000.0 -24.86638704 -4.15366802 -0.77667088 -1.82127676 -0.55959274 nan 0.0
0.0 1000.0 -24.30367232 -4.71326515 -0.79944905 -0.52627963 -1.13000721 nan 0.0
0.0 1000.0 -24.61166924 -4.18248364 -1.755495 -1.66344888 -1.24151419 nan 0.0
0.0 1000.0 -24.6237564 -4.56100379 -1.51920732 -0.31255288 -0.89847082 nan 0.0
0.0 1000.0 -24.78911455 -4.57469761 -0.30825116 -1.72189024 -0.31477127 nan 0.0
0.0 1000.0 -24.65868787 -4.67679002 -0.08500657 -0.40196373 -0.28599705 nan 0.0
0.0 1000.0 -24.3878903 -4.51490907 -1.85841479 -0.15256435 -1.2782019 nan 0.0
0.0 1000.0 -24.6294228 -4.10748373 -0.18589941 -1.15141689 -1.71415093 nan 0.0
0.0 1000.0 -24.92878135 -4.89352138 -0.43078337 -1.5337268 -1.89264824 nan 0.0
0.0 1000.0 -24.83384305 -4.1466416 -0.18633062 -1.85746352 -0.23092226 nan 0.0
0.0 1000.0 -24.77782245 -4.42035035 -0.75861869 -0.44273871 -0.84542803 nan 0.0
0.0 1000.0 -24.29511178 -3.96695639 -1.60091722 -0.47047999 -1.64147143 nan 0.0
0.0 1000.0 -24.88659009 -4.67445312 -1.2471551 -0.78302104 -0.96395266 nan 0.0
0.0 1000.0 -24.78018593 -4.3725946 -1.56716099 -1.65944627 -1.33342027 nan 0.0
0.0 1000.0 -24.69861682 -4.18886332 -0.06043554 -0.98316228 -1.84926587 nan 0.0
0.0 1000.0 -24.60137227 -4.45523472 -0.38293244 -1.77076549 -1.78543238 nan 0.0
0.0 1000.0 -24.58206297 -4.30008021 -0.7713722 -0.25475483 -0.24142548 nan 0.0
0.0 1000.0 -24.79960139 -3.81811944 -0.75718027 -0.96134865 -0.95701919 nan 0.0
0.0 1000.0 -24.3419772 -4.1449449 -0.22337528 -1.94270405 -0.65070402 nan 0.0
0.0 1000.0 -24.49823185 -4.62425894 -1.4600037 -0.68644087 -1.9065061 nan 0.0
0.0 1000.0 -24.28177962 -3.99337991 -0.12779714 -1.75112299 -0.71666143 nan 0.0
0.0 1000.0 -24.53479096 -4.10443907 -1.00190763 -1.57271441 -0.58919223 nan 0.0
0.0 1000.0 -24.14483641 -4.15990332 -0.16523109 -0.38454475 -1.71772246 nan 0.0
0.0 1000.0 -24.5246689 -4.72134149 -0.85151806 -0.86569369 -0.79884872 nan 0.0
0.0 1000.0 -24.31379257 -4.24755076 -1.12737043 -1.51309647 -0.14292436 nan 0.0
0.0 1000.0 -24.98817367 -4.05097338 -1.98121929 -0.9705157 -0.68319805 nan 0.0
0.0 1000.0 -23.96479563 -4.3490294 -0.25308631 -0.32738985 -0.91243359 nan 0.0
0.0 1000.0 -24.93607268 -4.24542636 -1.05070275 -0.8548128 -1.9872168 nan 0.0
0.0 1000.0 -24.90827758 -4.43608994 -1.15381809 -0.63020558 -0.42629261 nan 0.0
0.0 1000.0 -24.54625453 -4.04884398 -0.83551951 -0.75656626 -0.31490507 nan 0.0
0.0 1000.0 -24.90186642 -4.54932611 -0.28586609 -0.43692126 -0.90537794 nan 0.0
0.0 1000.0 -23.73696559 -4.77297877 -1.67305422 -0.78352119 -1.42010044 nan 0.0
0.0 1000.0 -24.3900602 -4.74973826 -0.82911383 -1.56466939 -0.14999623 nan 0.0
0.0 1000.0 -24.11533654 -4.08759923 -0.95414804 -1.67133785 -1.32954231 nan 0.0
0.0 999.5586537649555 -24.01205444 -3.3102288 -0.30875346 -1.6013368 -0.87560293 nan 0.0
0.0 999.1202794945691 -22.29591811 -3.33908108 -0.42082847 -0.0708959 -0.33199749 -999.5586537649555 0.0
0.0 997.9977194903688 -24.35229344 -2.60173374 -0.8650799 -1.15116478 -0.11420217 -999.1202794945691 0.0
0.0 996.3501349020178 -22.60778946 -3.49324432 -1.32514972 -0.03763477 -1.36051144 -997.9977194903688 0.0
0.0 995.3065788199369 -24.44520911 -2.86421166 -1.61365356 -0.76098174 -0.95819056 -996.3501349020178 0.0
0.0 988.400062312793 -2.29301475e+01 -3.81767607e+00 -1.61681754e+00 -1.19577103e+00 -5.15696886e-03 -995.3065788199369 0.0
0.0 988.0520819139996 -23.81053819 -3.36710762 -1.10673411 -0.2823694 -0.73102077 -988.400062312793 0.0
0.0 983.9052612528278 -22.39794103 -3.33705369 -0.78540508 -0.54743056 -0.81759658 -988.0520819139996 0.0
0.0 982.6693890535659 -23.43103884 -3.58557591 -0.2255383 -0.43152458 -1.84081409 -983.9052612528278 0.0
0.0 981.1776366276898 -24.89259431 -2.40572633 -1.93847299 -1.66402751 -1.25995183 -982.6693890535659 0.0
0.0 979.5355480564409 -22.37597038 -3.21754286 -1.75361279 -0.28298881 -1.84753415 -981.1776366276898 0.0
0.0 979.2771114778667 -24.19089618 -2.33736759 -1.19636169 -1.76852687 -1.37026481 -979.5355480564409 0.0
0.0 979.1301620736596 -24.26134796 -3.12243324 -0.70956333 -1.58498561 -0.24277505 -979.2771114778667 0.0
0.0 977.497249058038 -23.87790918 -3.30602217 -1.93147451 -0.36498822 -0.67723433 -979.1301620736596 0.0
0.0 973.5702192955432 -23.23495244 -2.22445537 -1.83791319 -0.45308597 -0.80751907 -977.497249058038 0.0
0.0 973.099833686781 -23.57041279 -3.60904819 -0.03985209 -0.31980754 -1.82616646 -973.5702192955432 0.0
0.0 971.6172451011407 -23.23054308 -3.58858883 -0.31733362 -0.64877719 -1.28011952 -973.099833686781 0.0
0.0 968.3900530819582 -24.22411904 -3.23397989 -0.40238825 -0.04970695 -1.71527484 -971.6172451011407 0.0
0.0 966.9856380668868 -24.60315001 -2.85822623 -1.65422512 -0.35554184 -1.42685872 -968.3900530819582 0.0
0.0 966.6307499644737 -23.72378685 -3.44385339 -0.69882695 -0.09816534 -1.31349752 -966.9856380668868 0.0
0.0 965.4765377357114 -22.2151428 -3.25120586 -1.63816896 -1.55990839 -0.15000725 -966.6307499644737 0.0
0.0 965.4100621103479 -23.61773522 -3.19568253 -1.93249434 -1.29198223 -1.4064646 -965.4765377357114 0.0
0.0 962.9751404056143 -23.8493016 -3.11967082 -1.56033624 -0.94254096 -1.71931557 -965.4100621103479 0.0
0.0 959.2622100836276 -24.0663512 -2.67045896 -0.20914965 -0.59822242 -0.36225163 -962.9751404056143 0.0
0.0 958.7456840924137 -23.84229176 -3.16884528 -1.20132491 -1.19445509 -1.02017737 -959.2622100836276 0.0
0.0 958.4747947229199 -22.09778554 -2.90647261 -1.71815385 -0.07552675 -0.9712135 -958.7456840924137 0.0
0.0 952.5162942113361 -22.00517304 -2.68249238 -1.88941336 -1.52194793 -1.48791224 -958.4747947229199 0.0
0.0 951.5928783689508 -22.42198224 -3.35562302 -0.45005035 -1.8867148 -0.52695683 -952.5162942113361 0.0
0.0 951.5102986027794 -22.83621095 -3.48050395 -0.95543022 -1.59000586 -1.26788191 -951.5928783689508 0.0
0.0 951.3935870243146 -22.64125397 -3.370594 -1.88138145 -0.95331313 -1.70213299 -951.5102986027794 0.0
0.0 950.7754017301532 -23.37026809 -2.37441887 -0.32239617 -1.76654521 -0.83894566 -951.3935870243146 0.0
0.0 948.9350771060716 -23.09762116 -3.3647064 -0.77700254 -1.56449717 -1.93422395 -950.7754017301532 0.0
0.0 948.3831876340553 -22.56720297 -3.49721095 -1.25414174 -1.01665671 -0.39141303 -948.9350771060716 0.0
0.0 947.6678823769975 -24.33916982 -2.37326751 -1.52868386 -0.963884 -1.15244287 -948.3831876340553 0.0
0.0 943.9374744639317 -22.66260444 -3.5851565 -0.1917868 -0.59121665 -0.64571583 -947.6678823769975 0.0
0.0 943.7756762390986 -24.81748501 -2.84474017 -0.47879607 -0.35496638 -0.15831696 -943.9374744639317 0.0
0.0 940.5505627028656 -23.07669293 -3.419809 -1.67452665 -1.2533418 -1.30980279 -943.7756762390986 0.0
0.0 934.7093169913189 -22.46046818 -3.38681029 -0.05989442 -1.11494426 -1.34658712 -940.5505627028656 0.0
0.0 932.506842090529 -23.36155109 -3.61029517 -0.26834602 -0.48012617 -0.22545047 -934.7093169913189 0.0
0.0 930.5333453470245 -22.04558465 -2.95269668 -0.1142515 -1.04301312 -1.13892085 -932.506842090529 0.0
0.0 930.2603840859647 -22.06465259 -3.01937276 -0.7314512 -0.7512512 -0.13428783 -930.5333453470245 0.0
0.0 929.6601409878622 -24.72729986 -2.50125436 -1.7613538 -1.33461241 -1.38018321 -930.2603840859647 0.0
0.0 925.4058801453374 -22.73887218 -3.63880674 -0.36631199 -0.21293766 -0.19916712 -929.6601409878622 0.0
0.0 924.7843581002302 -24.80287078 -2.4871415 -1.21950515 -1.40873674 -1.47339815 -925.4058801453374 0.0
0.0 924.1064077608152 -22.43548461 -2.97609001 -1.53715231 -1.79842857 -1.72380999 -924.7843581002302 0.0
0.0 922.9079000539241 -24.47689836 -3.13261945 -0.13152951 -1.65726598 -1.27579814 -924.1064077608152 0.0
0.0 917.7713296346482 -22.1905563 -2.88627744 -0.92096537 -0.5504237 -1.95966041 -922.9079000539241 0.0
0.0 917.6535198851374 -22.66197235 -3.50457705 -0.09626592 -0.53014458 -1.19031617 -917.7713296346482 0.0
0.0 917.1855753618876 -23.27637076 -3.57389975 -1.71182912 -0.70412589 -0.27900446 -917.6535198851374 0.0
0.0 915.7644722005872 -22.70371698 -3.39383463 -0.81186833 -0.24905831 -1.59200808 -917.1855753618876 0.0
0.0 915.5888692086047 -22.0411737 -2.75983156 -1.93372494 -0.56846401 -1.19458672 -915.7644722005872 0.0
0.0 912.4197606818086 -24.18805471 -2.98307999 -1.32211382 -0.88859737 -0.87799668 -915.5888692086047 0.0
0.0 907.7209214497653 -22.30320892 -3.1283946 -1.70501779 -1.54891998 -0.44146054 -912.4197606818086 0.0
0.0 906.5264003369759 -23.39882722 -3.5871657 -0.09066309 -1.65133044 -0.80203095 -907.7209214497653 0.0
0.0 905.7728665144152 -22.40902423 -3.07563026 -1.25114572 -0.09985614 -1.35415431 -906.5264003369759 0.0
0.0 903.6164316469008 -22.93900038 -3.44333258 -0.58992659 -1.15217396 -1.5595033 -905.7728665144152 0.0
0.0 900.9949058496913 -23.16601442 -2.075492 -1.76819508 -1.47955604 -1.17558725 -903.6164316469008 0.0
0.0 886.355867745831 -23.49751698 -3.42217862 -0.78411591 -1.73068646 -0.4523922 -900.9949058496913 0.0
0.0 884.3577248237774 -24.38878637 -3.09092886 -0.25018219 -1.07551086 -1.02834998 -886.355867745831 0.0
0.0 883.4938627491867 -22.62326415 -3.25427886 -1.69394657 -0.3490745 -1.35548112 -884.3577248237774 0.0
0.0 880.4933557566401 -24.12840642 -3.12850467 -0.43838846 -0.82673314 -1.01612881 -883.4938627491867 0.0
0.0 880.2532251005847 -22.36212764 -3.04489885 -0.35343388 -0.29337591 -0.99995131 -880.4933557566401 0.0
0.0 880.0822351202938 -23.26960365 -2.28676591 -1.36657303 -0.14871439 -0.64249372 -880.2532251005847 0.0
0.0 877.6977808719943 -2.24203991e+01 -3.03421194e+00 -1.97431161e+00 -2.04070873e-02 -1.02007730e+00 -880.0822351202938 0.0
0.0 877.3978331778146 -22.658414 -3.23412446 -1.68279423 -1.37648696 -1.19779092 -877.6977808719943 0.0
0.0 875.6682661264326 -22.2069732 -3.00262655 -0.54612512 -0.11486701 -0.15586435 -877.3978331778146 0.0
0.0 871.9511983129239 -22.87171084 -3.54129919 -1.04179981 -1.3633299 -0.56239509 -875.6682661264326 0.0
0.0 871.1027455244698 -2.27395694e+01 -3.59138784e+00 -4.48436374e-01 -1.81567943e+00 -1.44513096e-02 -871.9511983129239 0.0
0.0 869.5387540571207 -23.41676026 -3.38601808 -1.30507842 -0.4864243 -1.37470801 -871.1027455244698 0.0
0.0 868.6511200614539 -24.19477811 -3.20342141 -0.31249233 -0.09334413 -1.32803007 -869.5387540571207 0.0
0.0 865.5589386006666 -22.39262613 -3.09614048 -0.24345656 -1.63076205 -1.36172058 -868.6511200614539 0.0
0.0 863.9101688846887 -23.67631627 -3.29251306 -0.43494606 -1.32342465 -1.77360995 -865.5589386006666 0.0
0.0 863.1413398052864 -22.88912681 -3.62672123 -1.96083567 -0.892393 -0.18758926 -863.9101688846887 0.0
0.0 862.2255317400072 -22.75732317 -3.46952144 -1.62412187 -1.88696713 -0.46176752 -863.1413398052864 0.0
0.0 859.544131001848 -22.27429501 -2.85597588 -1.62032728 -0.54660069 -1.41144009 -862.2255317400072 0.0
0.0 853.9505201386183 -22.59609677 -3.18632397 -1.76692184 -0.55953589 -1.17674555 -859.544131001848 0.0
0.0 853.2619477046117 -2.38564314e+01 -3.34874849e+00 -7.98034762e-01 -7.78086206e-03 -4.01591787e-01 -853.9505201386183 0.0
0.0 853.0225121307463 -22.26388531 -2.66026573 -1.95365809 -1.89244687 -1.66464866 -853.2619477046117 0.0
0.0 852.507682759755 -23.90247512 -3.15455281 -1.67343736 -1.10183595 -0.63333709 -853.0225121307463 0.0
0.0 849.2032901948519 -22.4252815 -3.11955625 -0.90359166 -0.25685293 -0.38766 -852.507682759755 0.0
0.0 848.193946089332 -22.585633 -3.01321593 -1.49770559 -1.30921632 -1.73894803 -849.2032901948519 0.0
0.0 846.4547243824069 -24.57820734 -2.53478997 -0.11511665 -1.61938176 -1.98300382 -848.193946089332 0.0
0.0 846.1132230564011 -23.27882912 -3.44576454 -0.38103354 -0.66844897 -1.599562 -846.4547243824069 0.0
0.0 842.8556816703959 -22.05586994 -2.58890492 -0.80629895 -0.33865819 -1.96006561 -846.1132230564011 0.0
0.0 841.5656352987605 -22.32086762 -3.01205757 -1.02852259 -0.22966219 -0.32116632 -842.8556816703959 0.0
0.0 835.002842684975 -24.27306355 -3.1474051 -0.18915691 -1.90230161 -0.7403086 -841.5656352987605 0.0
0.0 834.743610885412 -22.73477578 -3.49237596 -1.02796574 -1.63820811 -0.08463283 -835.002842684975 0.0
0.0 831.1384679861993 -24.90297551 -2.46215001 -1.33774347 -0.87530671 -1.23928331 -834.743610885412 0.0
0.0 813.2103187660548 -2.29507104e+01 -3.62417236e+00 -1.37329634e+00 -6.62058901e-01 -1.78179881e-02 -831.1384679861993 0.0
0.0 810.9802875697503 -2.21621343e+01 -2.86535213e+00 -1.17108027e-02 -1.28346407e+00 -9.73146963e-01 -813.2103187660548 0.0
0.0 806.7878883009789 -22.88723924 -3.48594357 -0.99567398 -0.32606466 -0.38516277 -810.9802875697503 0.0
0.0 806.3196662814275 -24.73831414 -2.82620942 -0.41032055 -0.37303162 -1.94252969 -806.7878883009789 0.0
0.0 805.7232197376022 -23.16352654 -3.37542369 -1.8787134 -1.61693747 -0.94523701 -806.3196662814275 0.0
0.0 804.0376273307112 -23.26768248 -3.13402383 -1.77936645 -1.48341794 -1.90014857 -805.7232197376022 0.0
0.0 802.363015925227 -22.07398084 -2.53504383 -1.44092803 -1.02844871 -1.07766647 -804.0376273307112 0.0
0.0 801.3765607355492 -2.46780500e+01 -2.64890603e+00 -1.23793744e+00 -1.16530499e+00 -1.54443669e-02 -802.363015925227 0.0
0.0 801.0710226902681 -23.08947431 -3.50224894 -0.27123099 -1.85319282 -0.73222444 -801.3765607355492 0.0
0.0 798.7534392022999 -23.49768879 -2.53800309 -0.04424778 -0.18125762 -0.74074503 -801.0710226902681 0.0
0.0 798.0557258259274 -2.22459030e+01 -2.96277896e+00 -1.54626965e-02 -1.21545909e-01 -2.84467944e-02 -798.7534392022999 0.0
0.0 797.7091834408548 -24.2350247 -2.61334366 -0.13692259 -0.38247797 -1.77241808 -798.0557258259274 0.0
0.0 797.7058016893939 -22.70552118 -3.12902943 -1.52129169 -1.79232381 -1.16202066 -797.7091834408548 0.0
0.0 797.6271296723044 -22.63044634 -3.08446341 -0.69024539 -0.2386967 -1.43984835 -797.7058016893939 0.0
0.0 797.5707845711801 -22.06383591 -2.57564798 -1.52826105 -1.6481164 -0.78128563 -797.6271296723044 0.0
0.0 797.2545874056491 -22.35864744 -2.79942317 -1.38765063 -0.22723449 -1.54594137 -797.5707845711801 0.0
0.0 795.3023263095324 -22.13232201 -2.49767789 -1.02302418 -1.95615021 -1.40416816 -797.2545874056491 0.0
0.0 793.10093214329 -24.69615947 -2.39743523 -1.89260273 -1.80276104 -1.5473172 -795.3023263095324 0.0
0.0 792.9352043511301 -22.75684753 -3.43847138 -0.12144683 -1.99831305 -0.32341241 -793.10093214329 0.0
0.0 787.4612274137687 -24.83427489 -2.55477632 -1.66910513 -1.41171787 -0.46307382 -792.9352043511301 0.0
0.0 785.7876988466201 -22.16984742 -2.64219813 -0.83570203 -0.05224019 -0.68657939 -787.4612274137687 0.0
0.0 785.5517601885223 -22.47885393 -3.15731394 -0.28377785 -0.67642864 -0.09156797 -785.7876988466201 0.0
0.0 785.2394035689434 -24.90382615 -2.5650915 -1.37195815 -0.43774313 -1.23952463 -785.5517601885223 0.0
0.0 780.3054259311771 -24.33849714 -2.94416312 -0.99802762 -0.74595085 -0.36005834 -785.2394035689434 0.0
0.0 777.3454926837429 -22.60394721 -3.15832752 -0.44577624 -1.75583007 -0.59502279 -780.3054259311771 0.0
0.0 777.0273840208523 -24.12893806 -2.47277286 -0.69051791 -0.74662464 -1.72450422 -777.3454926837429 0.0
0.0 776.8667811147272 -22.25394378 -2.80963874 -0.79796087 -1.63385784 -0.46436434 -777.0273840208523 0.0
0.0 776.6930463217957 -24.93545908 -2.60857963 -1.50082986 -0.33843588 -0.16397009 -776.8667811147272 0.0
0.0 776.0252135153812 -22.02580845 -2.27478778 -1.89773296 -1.50549074 -1.72801188 -776.6930463217957 0.0
0.0 773.6959672375552 -22.23781133 -2.52584335 -1.64164158 -1.30533823 -1.65088793 -776.0252135153812 0.0
