0.0 38531.0867061136 -24.4794168 -2.02719883 -1.54414333 -0.33621773 -1.18019524 -578.7607309707139 0.0
0.0 31369.046158865272 -24.38454305 -2.15037591 -0.466662 -0.34339811 -0.50587107 -38531.0867061136 0.0
0.0 16321.152979139999 -2.45852077e+01 -2.22442615e+00 -1.89830776e+00 -6.78435500e-03 -6.47966671e-01 -31369.046158865272 0.0
0.0 15776.622440130735 -2.43676004e+01 -2.36156428e+00 -1.93447150e+00 -1.20768305e-01 -1.78519633e-03 -16321.152979139999 0.0
0.0 11945.306799914932 -23.83454965 -2.00409895 -0.76262464 -1.94980579 -0.84635621 -15776.622440130735 0.0
0.0 8506.628285236704 -24.95025381 -2.08931992 -0.47918786 -1.60174928 -0.93057711 -11945.306799914932 0.0
0.0 6099.632937586448 -24.02980377 -2.3002138 -1.53652966 -0.18996904 -1.50622679 -8506.628285236704 0.0
0.0 5345.197467792278 -23.63351063 -2.12370457 -1.03679118 -1.37874006 -0.64831453 -6099.632937586448 0.0
0.0 4348.62734055115 -24.43370576 -2.40155711 -1.89459792 -0.46970425 -0.30504209 -5345.197467792278 0.0
0.0 3902.3345199594282 -23.77715673 -2.26574718 -1.04063429 -0.80703634 -0.91769435 -4348.62734055115 0.0
0.0 3388.3939587340897 -23.39796941 -2.19194564 -1.76574454 -1.98243954 -0.1187432 -3902.3345199594282 0.0
0.0 2688.1877808935737 -23.44371347 -2.06886374 -0.86438767 -0.57038573 -1.97627681 -3388.3939587340897 0.0
0.0 1737.6937605539938 -23.20583441 -2.00050645 -1.41757332 -0.05552137 -0.74680805 -2688.1877808935737 0.0
0.0 1351.569052266309 -23.06501305 -4.89250953 -1.51640514 -0.7508085 -0.7084395 -1737.6937605539938 0.0
0.0 1351.3132124961012 -23.15465015 -4.87160547 -0.96890312 -0.9233691 -1.82654051 -1351.569052266309 0.0
0.0 1350.7059417368505 -22.90143206 -4.94673592 -1.18398954 -0.18809827 -0.9219838 -1351.3132124961012 0.0
0.0 1350.4646862934364 -2.27852444e+01 -4.96176365e+00 -9.90371116e-01 -1.15181125e+00 -2.81552454e-03 -1350.7059417368505 0.0
0.0 1350.2527383457407 -23.26429887 -4.70246443 -0.7871065 -0.31256412 -0.90428239 -1350.4646862934364 0.0
0.0 1349.9807176901134 -23.89749693 -3.92273598 -1.59515633 -1.60299642 -1.30652245 -1350.2527383457407 0.0
0.0 1349.9053472712628 -22.42002173 -4.82494633 -1.67819774 -1.58559367 -1.41041918 -1349.9807176901134 0.0
0.0 1349.774476220309 -23.79106443 -4.31961513 -0.97851365 -0.21952033 -0.1525397 -1349.9053472712628 0.0
0.0 1349.2497212473265 -22.95268322 -4.51433035 -1.19084139 -1.88073356 -1.47165623 -1349.774476220309 0.0
0.0 1348.8847682529174 -22.79863744 -4.85929379 -0.94750022 -0.28893861 -0.2640534 -1349.2497212473265 0.0
0.0 1348.1445852827278 -23.9103675 -3.94242628 -1.69086688 -0.68090509 -1.52922192 -1348.8847682529174 0.0
0.0 1348.0627500749072 -23.15744787 -4.29451054 -1.7249375 -1.14838461 -1.3436576 -1348.1445852827278 0.0
0.0 1347.7394340040632 -2.36154034e+01 -4.34044044e+00 -1.39086323e+00 -4.91998582e-03 -1.33652509e+00 -1348.0627500749072 0.0
0.0 1347.7213136807281 -22.70092241 -4.75751287 -0.8509922 -1.83699986 -0.64880236 -1347.7394340040632 0.0
0.0 1347.5849844638547 -23.4228874 -4.71100048 -0.11356031 -1.89852284 -1.94950919 -1347.7213136807281 0.0
0.0 1347.4608970295749 -24.10010876 -3.71036824 -1.42291697 -1.62485012 -1.64986287 -1347.5849844638547 0.0
0.0 1347.2396690134512 -23.68401453 -4.04725862 -1.28151091 -0.87493372 -1.05258063 -1347.4608970295749 0.0
0.0 1347.2327676233622 -23.71739909 -4.23523965 -0.72807095 -1.55021256 -1.2602074 -1347.2396690134512 0.0
0.0 1347.0966448153872 -22.30281026 -4.79180127 -1.06733629 -1.66164745 -1.64131188 -1347.2327676233622 0.0
0.0 1346.6067260126642 -23.94845655 -4.12509366 -0.66808237 -1.53203953 -0.24391009 -1347.0966448153872 0.0
0.0 1346.5145706269968 -23.21302067 -4.32518818 -1.05779403 -1.46382682 -0.87357298 -1346.6067260126642 0.0
0.0 1346.244656384694 -23.90694845 -4.11166012 -0.70507051 -1.27198202 -1.68624594 -1346.5145706269968 0.0
0.0 1344.587873608658 -23.60104168 -4.11812826 -0.97965906 -0.66727804 -1.05819769 -1346.244656384694 0.0
0.0 1344.0123299208294 -22.76215655 -4.5940846 -1.32318845 -0.60573863 -1.18332605 -1344.587873608658 0.0
0.0 1342.635996323107 -22.89295887 -4.35455263 -1.6034948 -1.38286052 -1.13014196 -1344.0123299208294 0.0
0.0 1341.4791283940745 -24.24505322 -3.45505542 -1.44348616 -1.40325173 -1.88342284 -1342.635996323107 0.0
0.0 1340.813862085014 -24.67297578 -3.34660034 -1.1749216 -1.69095283 -1.14180026 -1341.4791283940745 0.0
0.0 1339.3182862878498 -22.39560478 -4.6799959 -1.82556281 -1.1286336 -0.92705704 -1340.813862085014 0.0
0.0 1337.5493872635607 -24.87841986 -3.22036713 -1.28517214 -0.45678583 -1.95512721 -1339.3182862878498 0.0
0.0 1337.5487466721127 -2.26882208e+01 -4.72845220e+00 -6.11722086e-01 -1.41852944e-02 -1.57172816e+00 -1337.5493872635607 0.0
0.0 1335.5371366003876 -22.07821145 -4.98455858 -0.23483676 -0.178699 -1.68180992 -1337.5487466721127 0.0
0.0 1334.5904611791755 -2.30022325e+01 -4.52504008e+00 -4.67195306e-01 -2.68873303e-01 -2.52815077e-04 -1335.5371366003876 0.0
0.0 1333.742996740781 -23.09537571 -4.45384932 -0.29894011 -0.92911155 -0.43821898 -1334.5904611791755 0.0
0.0 1333.3268544847083 -24.90083425 -3.29073073 -0.92723232 -0.21269795 -1.62106473 -1333.742996740781 0.0
0.0 1332.1716531401362 -22.34678798 -4.47013518 -1.95275531 -1.57282035 -1.50204847 -1333.3268544847083 0.0
0.0 1330.763636379441 -24.74698344 -3.1465647 -1.54304637 -1.96737435 -0.20064981 -1332.1716531401362 0.0
0.0 1329.7989192939528 -22.00677001 -4.84595028 -0.38722711 -0.4186624 -1.93293785 -1330.763636379441 0.0
0.0 1329.0845630235651 -22.91408615 -4.45263945 -0.90507442 -1.15299535 -0.14851851 -1329.7989192939528 0.0
0.0 1329.0439950796713 -24.65093675 -3.5071109 -0.57722676 -0.35026373 -0.24170099 -1329.0845630235651 0.0
0.0 1327.698279424295 -24.78020185 -3.12264872 -1.22166833 -0.92461479 -1.09740171 -1329.0439950796713 0.0
0.0 1326.7615806343347 -24.96192945 -2.88143083 -1.51537671 -1.23308406 -1.44718955 -1327.698279424295 0.0
0.0 1326.3076993522886 -22.20427863 -4.66566446 -0.59596427 -0.68628766 -1.36765804 -1326.7615806343347 0.0
0.0 1325.9243319257062 -24.78824046 -3.01793859 -1.74447476 -1.91302908 -0.47155201 -1326.3076993522886 0.0
0.0 1325.114435040702 -23.2738187 -4.30518602 -0.2871014 -0.65796741 -0.07597367 -1325.9243319257062 0.0
0.0 1324.2567750568305 -23.04099215 -4.21710808 -1.34869579 -1.28998686 -0.55717886 -1325.114435040702 0.0
0.0 1320.044561693761 -23.90185535 -3.78396269 -1.91519336 -0.19387035 -0.30465842 -1324.2567750568305 0.0
0.0 1319.9005129954726 -22.8928221 -4.29849099 -0.7425974 -0.60622496 -1.28573062 -1320.044561693761 0.0
0.0 1319.486900394462 -23.83955751 -3.97412191 -0.27177954 -0.9469245 -1.55176277 -1319.9005129954726 0.0
0.0 1317.6246915811562 -23.43382846 -3.96154473 -1.81567723 -1.83981789 -0.43418083 -1319.486900394462 0.0
0.0 1315.7293498733627 -24.77907905 -3.15843853 -0.92727084 -1.17144362 -1.76397986 -1317.6246915811562 0.0
0.0 1313.7500673716258 -22.4277553 -4.5898136 -1.1112279 -0.20544333 -0.41285532 -1315.7293498733627 0.0
0.0 1312.897185154374 -24.7943288 -2.90409965 -1.61147618 -1.07232623 -1.7062259 -1313.7500673716258 0.0
0.0 1310.8891584118394 -24.44561929 -3.32427954 -0.86418358 -1.8940769 -1.93572084 -1312.897185154374 0.0
0.0 1310.5299628692794 -22.02260925 -4.38880631 -1.81733209 -1.76597018 -1.55522566 -1310.8891584118394 0.0
0.0 1309.419666099169 -22.65955012 -4.25634404 -1.51102171 -1.912764 -1.02251607 -1310.5299628692794 0.0
0.0 1308.3358142962793 -2.37822363e+01 -3.81119559e+00 -1.64068683e+00 -4.36465888e-01 -1.02475662e-02 -1309.419666099169 0.0
0.0 1308.023736978876 -24.08134649 -3.4704337 -0.92831603 -1.12836954 -1.20372421 -1308.3358142962793 0.0
0.0 1306.5307076422419 -24.69005296 -3.32139294 -0.58972802 -0.99973465 -0.46843315 -1308.023736978876 0.0
0.0 1305.0046504870193 -23.06430046 -4.20216966 -1.39917074 -1.56679675 -0.2701198 -1306.5307076422419 0.0
0.0 1301.752548809753 -23.23377144 -4.10815295 -0.71748124 -0.35171272 -0.49413633 -1305.0046504870193 0.0
0.0 1301.4038596227642 -22.60293847 -4.41256654 -1.37017333 -0.7906987 -0.33479483 -1301.752548809753 0.0
0.0 1297.1222230176381 -24.44116906 -3.60481728 -0.20079227 -0.04474431 -1.13740874 -1301.4038596227642 0.0
0.0 1294.0154916585493 -24.60164302 -3.11949727 -1.68539149 -1.86667308 -0.19611801 -1297.1222230176381 0.0
0.0 1291.2858258549786 -24.48095202 -3.60474238 -0.10694969 -1.17057239 -1.72445026 -1294.0154916585493 0.0
0.0 1289.3916880095837 -23.58197127 -3.70457887 -1.41708924 -1.80473006 -0.74255327 -1291.2858258549786 0.0
0.0 1289.323397899787 -24.58682344 -3.07690321 -1.50914199 -0.69893291 -0.83822944 -1289.3916880095837 0.0
0.0 1284.0055080760542 -22.2249851 -4.37896976 -1.73315282 -0.45775546 -1.10037594 -1289.323397899787 0.0
0.0 1281.0623416609164 -22.11097416 -4.40716083 -1.60166995 -0.04334747 -1.86670314 -1284.0055080760542 0.0
0.0 1281.008359342006 -22.74216593 -4.3011127 -0.36361278 -1.59335734 -0.44325858 -1281.0623416609164 0.0
0.0 1278.5486123419055 -22.00025568 -4.41534036 -1.33218102 -0.52344265 -0.48761969 -1281.008359342006 0.0
0.0 1277.8851137819252 -22.71060625 -4.38879151 -0.04770752 -0.22561792 -1.01621762 -1278.5486123419055 0.0
0.0 1277.210183085598 -24.81879446 -2.78599672 -1.71400923 -1.01768838 -1.94140565 -1277.8851137819252 0.0
0.0 1276.2601678547705 -22.01357372 -4.45185513 -1.31362202 -0.98093883 -0.28055995 -1277.210183085598 0.0
0.0 1274.034210875942 -23.13033593 -3.83199225 -1.28748018 -1.06918333 -1.58315583 -1276.2601678547705 0.0
0.0 1267.709827558473 -22.567685 -4.15909308 -1.73947377 -0.62839426 -1.95123336 -1274.034210875942 0.0
0.0 1266.9568335723761 -22.09558552 -4.28891471 -1.14894023 -0.57461984 -0.88309808 -1267.709827558473 0.0
0.0 1262.649846470881 -22.909893 -4.06059414 -0.52229846 -0.86639194 -1.28685387 -1266.9568335723761 0.0
0.0 1260.5389138484932 -23.37158177 -3.81987346 -1.44498617 -0.52446383 -1.07549302 -1262.649846470881 0.0
0.0 1254.5074725528543 -24.05222564 -3.46072342 -0.59740445 -1.01338749 -1.6215592 -1260.5389138484932 0.0
0.0 1250.8881335021008 -22.22369994 -4.29651522 -0.5634978 -0.50422563 -0.54565058 -1254.5074725528543 0.0
0.0 1240.5486883673434 -24.97504729 -2.92611874 -0.80441153 -0.29874808 -0.46721219 -1250.8881335021008 0.0
0.0 1239.6320292334299 -23.36807639 -3.81879503 -1.02294046 -0.38918657 -1.92486584 -1240.5486883673434 0.0
0.0 1235.1168023354792 -22.35831975 -4.04571956 -1.09734767 -0.87768055 -1.98598903 -1239.6320292334299 0.0
0.0 1230.3366402960557 -24.33228476 -3.18406936 -0.79835629 -1.73253695 -0.81862237 -1235.1168023354792 0.0
0.0 1227.5291381745137 -23.38445938 -3.94272074 -0.13062089 -0.9654013 -1.51607735 -1230.3366402960557 0.0
0.0 1223.1710892688259 -23.47299179 -3.63002782 -0.6786263 -1.963651 -1.43058505 -1227.5291381745137 0.0
0.0 1222.526723343376 -22.0446035 -3.93766517 -0.4497694 -0.40615792 -1.00153055 -1223.1710892688259 0.0
0.0 1216.4914035491522 -23.07615398 -3.95864629 -1.26617071 -1.57432874 -0.31962248 -1222.526723343376 0.0
0.0 1210.340889988877 -22.69807804 -4.07326784 -1.23597249 -0.24646729 -0.84512267 -1216.4914035491522 0.0
0.0 1200.5049418971403 -23.98026013 -3.52318707 -0.32870925 -1.96400055 -0.76496817 -1210.340889988877 0.0
0.0 1199.0949740000099 -22.04979499 -3.86060272 -0.22724673 -1.6818632 -1.16310275 -1200.5049418971403 0.0
0.0 1199.0807814530767 -22.21038853 -3.74396758 -1.25375846 -1.29290055 -1.83452391 -1199.0949740000099 0.0
0.0 1197.6751109833574 -22.63679099 -4.15600807 -0.94429099 -0.73706805 -0.11086873 -1199.0807814530767 0.0
0.0 1193.62102696948 -23.60906716 -2.3687162 -1.21715018 -0.6971898 -1.74684862 -1197.6751109833574 0.0
0.0 1191.532100040335 -22.54367999 -4.09619615 -1.6091578 -1.88572341 -0.40463221 -1193.62102696948 0.0
0.0 1187.1200040668832 -23.17656208 -2.04127283 -0.87395979 -0.59848377 -1.86548498 -1191.532100040335 0.0
0.0 1184.661811696854 -23.72630181 -3.65156112 -0.46383869 -0.22113647 -0.39186811 -1187.1200040668832 0.0
0.0 1182.4430899806937 -22.85664934 -3.90812292 -1.16976218 -0.43788965 -1.56099574 -1184.661811696854 0.0
0.0 1178.8458852570536 -24.04128618 -3.32380425 -1.6721055 -0.44711167 -1.5790746 -1182.4430899806937 0.0
0.0 1175.4429633101806 -22.88549934 -3.72202948 -0.8482447 -1.22907822 -1.92525165 -1178.8458852570536 0.0
0.0 1172.8164985985436 -23.36236949 -3.85118128 -0.16540457 -1.34311518 -0.53978005 -1175.4429633101806 0.0
0.0 1169.6637479835688 -22.2139428 -3.79826357 -1.62920166 -1.73802548 -0.74017632 -1172.8164985985436 0.0
0.0 1167.9456300614797 -24.22728787 -3.34160607 -1.8207705 -0.07407978 -0.07634607 -1169.6637479835688 0.0
0.0 1162.2064606887748 -24.76930389 -3.10621319 -0.30655469 -0.3591782 -0.10305461 -1167.9456300614797 0.0
0.0 1161.6695972819703 -22.61216976 -3.77747006 -1.56770186 -1.50015919 -1.40522195 -1162.2064606887748 0.0
0.0 1153.3070848567872 -22.45384802 -4.03828751 -0.14537921 -0.32952225 -0.39856964 -1161.6695972819703 0.0
0.0 1139.8276797972455 -23.13475069 -3.7986765 -1.25540603 -0.23747757 -1.89186477 -1153.3070848567872 0.0
0.0 1130.757102460569 -22.40111106 -3.76168891 -0.33399965 -0.21943455 -1.64104618 -1139.8276797972455 0.0
0.0 1129.6566159364575 -22.35112579 -3.9004952 -1.36686108 -0.13806721 -0.03167785 -1130.757102460569 0.0
0.0 1125.6924928483857 -23.2168852 -3.58442126 -1.20933408 -0.86258554 -1.64786883 -1129.6566159364575 0.0
0.0 1118.9642286304122 -24.70164536 -3.20879585 -0.06447271 -1.3301158 -1.3631403 -1125.6924928483857 0.0
0.0 1109.2512038844443 -22.71348768 -3.71974491 -1.17844539 -0.88319517 -1.51738002 -1118.9642286304122 0.0
0.0 1105.248837829204 -23.21259525 -2.23026437 -1.82513075 -1.23668845 -0.50360829 -1109.2512038844443 0.0
0.0 1104.9778297162973 -24.67205133 -2.9831744 -0.55071755 -0.50291025 -0.89112979 -1105.248837829204 0.0
0.0 1098.8419287249692 -24.56136346 -2.91689022 -1.46222411 -0.50030945 -1.70138877 -1104.9778297162973 0.0
0.0 1095.1077018973463 -24.33567727 -3.34191112 -0.10324877 -1.44878514 -1.07011422 -1098.8419287249692 0.0
0.0 1094.7879693306772 -23.36842112 -3.60344669 -1.71660414 -1.43532756 -0.55847212 -1095.1077018973463 0.0
0.0 1092.0086299573802 -22.36792176 -3.62281198 -0.35796875 -0.87300724 -1.54435656 -1094.7879693306772 0.0
0.0 1089.732486942267 -22.67685368 -3.97451063 -0.13823221 -1.65253808 -0.1816944 -1092.0086299573802 0.0
0.0 1081.4217459591841 -22.12685551 -3.55478602 -0.0988361 -0.45607499 -0.08201222 -1089.732486942267 0.0
0.0 1077.3501948539522 -22.57370048 -3.68866478 -0.58563178 -0.81695816 -1.46997737 -1081.4217459591841 0.0
0.0 1072.7544504973005 -22.26992781 -3.41715285 -0.60485718 -0.55162785 -1.56552916 -1077.3501948539522 0.0
0.0 1070.148189076074 -22.85262555 -3.80986472 -1.73615129 -0.0650107 -1.83006954 -1072.7544504973005 0.0
0.0 1067.7869643347522 -22.33894737 -3.51250121 -1.39967008 -0.52537554 -0.84299693 -1070.148189076074 0.0
0.0 1064.9527281561539 -22.21583963 -3.39641206 -0.23299734 -0.53567471 -1.66079219 -1067.7869643347522 0.0
0.0 1060.7413219118207 -22.11670321 -3.41961858 -1.0520148 -1.99062248 -0.17353219 -1064.9527281561539 0.0
0.0 1059.1527581861087 -24.48495007 -3.06944545 -0.45906372 -0.62995478 -0.89798194 -1060.7413219118207 0.0
0.0 1056.1408480938856 -22.74488721 -3.73291697 -0.58926237 -0.60132345 -1.05133042 -1059.1527581861087 0.0
0.0 1050.8500468497396 -22.93546531 -3.64711372 -0.60998926 -0.77420835 -1.91157223 -1056.1408480938856 0.0
0.0 1046.8420580581276 -22.16433122 -3.28849599 -0.12218237 -0.26354327 -1.64292395 -1050.8500468497396 0.0
0.0 1040.3864252621306 -24.38387885 -2.53222798 -1.30695839 -1.84782377 -0.36996488 -1046.8420580581276 0.0
0.0 1037.9040273941991 -2.30590435e+01 -3.75772881e+00 -7.88713587e-01 -5.72464469e-03 -1.53863362e+00 -1040.3864252621306 0.0
0.0 1025.550293656457 -24.11172745 -2.57948048 -0.44601933 -0.26075304 -1.27755028 -1037.9040273941991 0.0
0.0 1025.0779662477303 -22.23433645 -3.20577941 -1.46368536 -0.59727284 -1.83405952 -1025.550293656457 0.0
0.0 1013.6507148644516 -23.2187529 -3.61964163 -0.4687446 -0.74916624 -0.6925249 -1025.0779662477303 0.0
0.0 1008.1702524041461 -23.03663738 -3.70918498 -0.27043976 -1.69507397 -0.63363548 -1013.6507148644516 0.0
0.0 1007.4675371624195 -23.24885916 -3.63008345 -0.26894192 -1.71477575 -1.07860321 -1008.1702524041461 0.0
0.0 1007.0219786503266 -22.70819537 -3.58938764 -0.99268185 -0.91478397 -1.10650932 -1007.4675371624195 0.0
0.0 1004.3377795500645 -24.62299309 -2.79214667 -1.58325382 -1.55490417 -0.49311974 -1007.0219786503266 0.0
0.0 1003.4158583785804 -22.37639187 -3.1042188 -1.50444137 -1.43676034 -1.9528604 -1004.3377795500645 0.0
0.0 1000.0 -23.86603583 -4.47230938 -0.06224937 -0.44418813 -0.53140158 -1003.4158583785804 0.0
0.0 1000.0 -24.96218567 -4.70448887 -1.36730499 -1.55452494 -1.40099672 nan 0.0
0.0 1000.0 -24.36990503 -4.77582496 -1.20299683 -0.06253292 -0.77592242 nan 0.0
0.0 1000.0 -23.5643994 -4.99848926 -1.83156869 -1.31428467 -1.4145468 nan 0.0
0.0 1000.0 -24.46122504 -3.93708069 -1.08995201 -1.45581087 -0.30518829 nan 0.0
0.0 1000.0 -24.6101891 -3.60540327 -1.42972227 -0.14291507 -0.26413818 nan 0.0
0.0 1000.0 -2.48470758e+01 -3.89880119e+00 -3.73684353e-01 -1.82420258e-02 -7.52652409e-01 nan 0.0
0.0 1000.0 -24.66216614 -3.65369789 -0.07268252 -1.55594649 -1.81999603 nan 0.0
0.0 1000.0 -24.83345592 -4.60531915 -0.1026098 -1.54372682 -0.8516934 nan 0.0
0.0 1000.0 -24.18578258 -4.70922271 -0.49356827 -0.54199276 -1.95809619 nan 0.0
0.0 1000.0 -2.36138640e+01 -4.90736917e+00 -1.40113490e+00 -1.33076198e+00 -2.25697529e-02 nan 0.0
0.0 1000.0 -24.44069328 -4.26625749 -1.53363646 -1.49941 -0.21699118 nan 0.0
0.0 1000.0 -24.58087288 -4.42701686 -1.77648902 -0.97460985 -1.89629774 nan 0.0
0.0 1000.0 -24.67450109 -4.81194834 -0.69302429 -0.58362691 -0.19408052 nan 0.0
0.0 1000.0 -23.7628579 -4.54325574 -1.84793493 -1.85208661 -1.07405393 nan 0.0
0.0 1000.0 -24.18959773 -4.67305734 -1.25180352 -0.25159157 -0.40446825 nan 0.0
0.0 1000.0 -24.54465937 -4.1152835 -0.28013426 -1.47086972 -1.35419365 nan 0.0
0.0 1000.0 -24.35317136 -4.09467643 -0.21515799 -0.32848601 -0.20423966 nan 0.0
0.0 1000.0 -24.14728468 -4.3629362 -1.1590409 -0.60765788 -0.39461131 nan 0.0
0.0 1000.0 -23.64803821 -4.87837782 -1.49424979 -1.97313709 -0.57422412 nan 0.0
0.0 1000.0 -24.88422592 -3.95691948 -0.69508733 -0.68946076 -0.12029389 nan 0.0
0.0 1000.0 -24.57458596 -3.92587202 -1.912371 -0.02550772 -0.36155288 nan 0.0
0.0 1000.0 -24.50958659 -4.77667101 -0.05694893 -0.14163808 -0.08263082 nan 0.0
0.0 1000.0 -23.90769322 -4.86771136 -0.5282349 -1.59118972 -0.66695337 nan 0.0
0.0 1000.0 -24.25242507 -4.16465788 -1.85593218 -0.05013355 -0.46880346 nan 0.0
0.0 1000.0 -24.67710962 -3.55222819 -0.1703197 -1.02884606 -1.55764305 nan 0.0
0.0 1000.0 -24.71809611 -3.9619486 -0.05020945 -0.54893115 -1.84783357 nan 0.0
0.0 1000.0 -23.91127832 -4.41710074 -1.55601893 -0.16292737 -0.43632658 nan 0.0
0.0 1000.0 -24.64645918 -4.32459258 -0.36002974 -1.75505673 -0.60801046 nan 0.0
0.0 1000.0 -24.18937679 -4.1399277 -1.4377296 -1.81983906 -1.55846423 nan 0.0
0.0 1000.0 -24.78875862 -4.77947983 -1.32863444 -1.71462688 -0.78816526 nan 0.0
0.0 1000.0 -24.66254857 -4.03420964 -0.55872671 -1.35062514 -1.88830297 nan 0.0
0.0 1000.0 -24.65094409 -3.89587356 -1.49495817 -1.56695482 -0.52540266 nan 0.0
0.0 1000.0 -23.66017983 -4.56922254 -0.45258896 -0.65144967 -1.76596592 nan 0.0
0.0 1000.0 -24.19515798 -4.39299838 -0.36837251 -0.65161024 -1.40287922 nan 0.0
0.0 1000.0 -2.47255582e+01 -3.63681932e+00 -5.76621648e-01 -1.09169758e-02 -1.45934690e-01 nan 0.0
0.0 1000.0 -24.54184394 -4.39805697 -1.9059394 -1.98307416 -1.27379087 nan 0.0
0.0 1000.0 -24.92040156 -3.76620102 -0.0875893 -0.79526271 -0.70186124 nan 0.0
0.0 1000.0 -24.04300606 -4.75029359 -1.83599431 -0.45218119 -1.0565593 nan 0.0
0.0 1000.0 -24.7254241 -4.46711523 -1.99220426 -0.81755124 -1.23444365 nan 0.0
0.0 1000.0 -24.87360857 -4.37130142 -1.10452316 -1.01914608 -0.50297122 nan 0.0
0.0 1000.0 -23.8950065 -4.70113177 -1.13248134 -1.82885403 -1.15830412 nan 0.0
0.0 1000.0 -23.52748637 -4.71762386 -1.85496736 -0.39238803 -1.16045228 nan 0.0
0.0 1000.0 -24.00417055 -4.22408268 -0.06931301 -1.98004851 -1.57595937 nan 0.0
0.0 1000.0 -24.07859243 -4.94048453 -1.57957519 -1.49129911 -1.11805626 nan 0.0
0.0 1000.0 -24.82294533 -4.80849746 -0.62513443 -0.25027274 -0.72874334 nan 0.0
0.0 1000.0 -24.6577423 -4.88037222 -0.58346661 -0.34479711 -0.05548937 nan 0.0
0.0 1000.0 -24.17197832 -4.60824332 -0.12547357 -0.20439188 -1.20869351 nan 0.0
0.0 1000.0 -24.9318651 -4.12661493 -1.6553176 -0.39648194 -1.53911769 nan 0.0
0.0 1000.0 -24.61562953 -4.9351405 -1.41158573 -0.12600673 -0.71489692 nan 0.0
0.0 1000.0 -24.69935107 -4.7200743 -0.53675724 -1.74519458 -0.83707777 nan 0.0
0.0 1000.0 -24.82168583 -4.94263151 -0.69458578 -0.66937967 -0.28918717 nan 0.0
0.0 1000.0 -24.6428684 -4.97305936 -0.08700889 -0.77698759 -0.62512829 nan 0.0
0.0 1000.0 -23.75006879 -4.6782999 -0.67056041 -0.12247786 -1.58165114 nan 0.0
0.0 1000.0 -23.98288987 -4.87434225 -0.29261557 -0.73468309 -1.67391678 nan 0.0
0.0 1000.0 -24.7984096 -4.17741282 -0.3135169 -1.38941647 -0.21640379 nan 0.0
0.0 1000.0 -24.83498731 -4.84144143 -0.14340934 -1.64835155 -1.42077965 nan 0.0
0.0 1000.0 -24.31915304 -4.9704131 -1.38849454 -1.95902582 -0.70983501 nan 0.0
0.0 1000.0 -24.32007334 -4.22535022 -1.3480891 -0.67645424 -0.72541481 nan 0.0
0.0 994.8057497345538 -23.36482823 -3.69774139 -0.17588648 -1.89311595 -0.07081853 nan 0.0
0.0 994.6191138379238 -23.3222823 -3.66005577 -0.18398081 -0.83907848 -0.5406178 -994.8057497345538 0.0
0.0 994.5990393207309 -22.30155559 -3.17631512 -0.69530175 -1.03551945 -1.67264447 -994.6191138379238 0.0
0.0 986.9370898869566 -22.93691025 -3.60458871 -1.53592707 -0.72078477 -0.95839224 -994.5990393207309 0.0
0.0 985.596904524182 -22.42391499 -3.2943496 -1.45226304 -0.35197566 -1.39861888 -986.9370898869566 0.0
0.0 985.1269814048309 -22.34068117 -3.21365553 -0.90265979 -0.72844322 -1.50104389 -985.596904524182 0.0
0.0 984.8080561865644 -23.8561869 -3.28137152 -0.58676672 -0.67626455 -1.80047181 -985.1269814048309 0.0
0.0 984.1271260179559 -22.43236088 -3.27269849 -1.51667518 -1.27424283 -1.15896576 -984.8080561865644 0.0
0.0 982.1276519283865 -22.80595933 -3.70237045 -0.15455524 -0.55248902 -1.03708212 -984.1271260179559 0.0
0.0 976.7859228723319 -23.98448333 -3.42458291 -0.07345645 -1.48614139 -1.90104603 -982.1276519283865 0.0
0.0 970.3116778145861 -23.00718435 -3.38428141 -1.2073837 -1.26345991 -1.94528258 -976.7859228723319 0.0
0.0 965.8937750856625 -22.68275158 -3.52812211 -1.43328591 -0.06867025 -0.75696255 -970.3116778145861 0.0
0.0 963.3390279924232 -24.27618201 -3.04295569 -1.28824066 -0.6234953 -0.48795685 -965.8937750856625 0.0
0.0 960.3824743055669 -22.03002673 -2.94316605 -1.52135138 -0.94322384 -0.59333233 -963.3390279924232 0.0
0.0 954.0982733465981 -23.63887616 -3.33018188 -0.61350487 -0.89541973 -1.31016045 -960.3824743055669 0.0
0.0 950.7482843200156 -22.05247576 -2.92938733 -0.65403176 -1.62095978 -0.7016299 -954.0982733465981 0.0
0.0 950.393651315895 -22.52454674 -3.29438246 -1.67558736 -1.77950647 -1.06736816 -950.7482843200156 0.0
0.0 949.9978332691632 -23.887428 -3.2342057 -0.49508035 -1.77820567 -1.75431773 -950.393651315895 0.0
0.0 949.9963679193916 -22.29824686 -3.18648818 -0.15065251 -0.1007138 -0.64377523 -949.9978332691632 0.0
0.0 948.2660048235812 -23.50633457 -3.41072171 -0.44588935 -1.31259627 -1.50785764 -949.9963679193916 0.0
0.0 944.1994001718757 -22.40354314 -3.23523571 -1.06744402 -1.48707043 -0.7726483 -948.2660048235812 0.0
0.0 939.2994384689334 -22.22648431 -3.1936205 -0.49581418 -0.46789834 -0.17361309 -944.1994001718757 0.0
0.0 936.6142681937253 -22.52007016 -3.3352072 -0.6660698 -0.97674918 -0.84787578 -939.2994384689334 0.0
0.0 936.2436652385875 -24.3132621 -2.85357941 -1.65173361 -1.74180965 -0.98242912 -936.6142681937253 0.0
0.0 934.6753791678888 -22.11872198 -2.92926477 -0.56911666 -0.67928051 -0.93607829 -936.2436652385875 0.0
0.0 926.1925314168076 -22.52794515 -3.37421531 -1.57323443 -1.83849074 -0.53257733 -934.6753791678888 0.0
0.0 924.5638412189038 -23.49155043 -2.32532534 -0.78755105 -0.92712079 -1.57064345 -926.1925314168076 0.0
0.0 918.5359140920225 -2.26262253e+01 -3.37023116e+00 -1.54415187e+00 -6.38255558e-03 -6.51162986e-01 -924.5638412189038 0.0
0.0 915.9388529017854 -22.57072122 -3.30613239 -0.50745788 -1.95552678 -1.16914003 -918.5359140920225 0.0
0.0 913.5838397276739 -23.10469101 -2.2613807 -0.17152271 -0.50960728 -0.3268486 -915.9388529017854 0.0
0.0 911.7242514804036 -22.54460262 -3.37449664 -0.69743319 -1.19899525 -0.49773176 -913.5838397276739 0.0
0.0 909.594430658912 -22.80886914 -3.5291136 -1.91982964 -1.57274966 -0.72086122 -911.7242514804036 0.0
0.0 903.6692134951618 -22.92224401 -3.58277266 -1.01925132 -0.29031161 -0.71393473 -909.594430658912 0.0
0.0 898.7764510626308 -22.66808242 -3.42553024 -0.73569974 -1.43075043 -0.65636673 -903.6692134951618 0.0
0.0 894.8346487726626 -23.05289544 -3.5963565 -0.3441512 -0.64446121 -0.61471394 -898.7764510626308 0.0
0.0 894.1143823002076 -22.99368186 -3.29983988 -1.31794466 -1.71031427 -1.71142815 -894.8346487726626 0.0
0.0 893.5320400789869 -2.38442589e+01 -3.35939802e+00 -1.98776016e+00 -1.55435737e+00 -1.50637935e-02 -894.1143823002076 0.0
0.0 892.732947523916 -22.14295435 -2.78554604 -0.77616959 -0.35067008 -1.69063136 -893.5320400789869 0.0
0.0 892.7032509551523 -2.45484128e+01 -2.91405113e+00 -1.27119729e+00 -1.92948142e+00 -1.84000099e-02 -892.732947523916 0.0
0.0 882.4443777921258 -23.77870218 -3.13541233 -0.71121815 -1.56894096 -1.84951904 -892.7032509551523 0.0
0.0 881.0867862895888 -22.23124208 -2.82343204 -1.51799989 -0.95613141 -1.3306841 -882.4443777921258 0.0
0.0 875.7194158574263 -24.74509506 -2.46769494 -1.42139216 -1.8645265 -1.36095904 -881.0867862895888 0.0
0.0 873.3965529529876 -22.09300978 -2.77072334 -1.31771778 -1.30071951 -0.73635916 -875.7194158574263 0.0
0.0 871.7240718347355 -22.66609382 -3.34458464 -0.46774331 -0.99991949 -0.93663745 -873.3965529529876 0.0
0.0 869.6415059222736 -22.60830883 -3.35334946 -0.73141563 -0.71880535 -0.45895898 -871.7240718347355 0.0
0.0 861.3360523060929 -23.21802514 -3.48660298 -1.41034022 -0.29689058 -1.29138392 -869.6415059222736 0.0
0.0 860.7641027807026 -22.73062112 -3.30598828 -0.69395996 -1.02751667 -1.25184109 -861.3360523060929 0.0
0.0 854.9634399199425 -22.68274052 -3.23526992 -1.94908281 -0.79549418 -1.72209345 -860.7641027807026 0.0
0.0 848.7110385722242 -22.10481957 -2.77576068 -0.17285318 -1.51176215 -1.67419164 -854.9634399199425 0.0
0.0 847.4550406120801 -22.89306131 -3.46199155 -0.25936315 -1.01622941 -1.85713978 -848.7110385722242 0.0
0.0 846.5618882430668 -22.36697005 -3.07773603 -1.61251161 -1.76178926 -0.37338927 -847.4550406120801 0.0
0.0 840.72300828778 -2.46596367e+01 -2.89533992e+00 -6.94633736e-01 -1.85237984e-02 -5.96830041e-01 -846.5618882430668 0.0
0.0 840.3731704373545 -24.64109577 -2.63622999 -1.16943969 -1.75220957 -0.90707872 -840.72300828778 0.0
0.0 829.9426656576567 -24.96123691 -2.45839753 -1.2778736 -1.88553663 -0.6536709 -840.3731704373545 0.0
0.0 828.441459522374 -22.19107271 -2.8159169 -0.33684296 -1.54739515 -0.89482654 -829.9426656576567 0.0
0.0 827.1750264187122 -23.05089095 -2.07444984 -1.85994753 -1.95738372 -0.81571428 -828.441459522374 0.0
0.0 819.2931816403157 -22.61043812 -2.94740359 -1.82901002 -1.47426089 -1.75035967 -827.1750264187122 0.0
0.0 816.878840463112 -22.77745251 -3.42571303 -0.04007218 -1.05552952 -1.66514447 -819.2931816403157 0.0
0.0 813.3149030138669 -22.64969875 -3.28540363 -0.21799145 -1.30791079 -0.93046346 -816.878840463112 0.0
0.0 808.589008472502 -22.51694435 -3.01265143 -1.21119091 -1.23147566 -0.95541459 -813.3149030138669 0.0
0.0 808.5875630735212 -22.03891911 -2.57548723 -0.09331656 -0.09676888 -1.69579677 -808.589008472502 0.0
0.0 807.1460235885936 -22.15040106 -2.87273546 -0.27990894 -1.02747843 -0.0909129 -808.5875630735212 0.0
0.0 804.5331672067632 -23.64705333 -2.61278052 -0.22615557 -1.88241466 -0.87851379 -807.1460235885936 0.0
0.0 797.5149012865858 -24.76732856 -2.74008465 -0.49878447 -1.28268557 -1.09199424 -804.5331672067632 0.0
0.0 797.3410821777428 -22.89737577 -3.4095635 -0.21808444 -0.5018445 -1.70229162 -797.5149012865858 0.0
0.0 796.2175514283523 -23.47567927 -3.21540907 -1.24523157 -1.72360086 -1.09507407 -797.3410821777428 0.0
0.0 795.8730165860637 -24.67324612 -2.41213864 -0.3845496 -1.44480798 -0.9801071 -796.2175514283523 0.0
0.0 791.34839399887 -23.24141348 -3.46503612 -0.71622446 -0.3368138 -0.64691065 -795.8730165860637 0.0
0.0 777.455816314467 -23.88285093 -3.21804748 -0.55753805 -0.32251757 -1.48135478 -791.34839399887 0.0
0.0 774.9837655857117 -23.10566503 -2.20336511 -0.07591522 -0.26286899 -1.1304659 -777.455816314467 0.0
0.0 774.6465430585446 -22.70267896 -3.13208968 -0.55277172 -1.93308121 -1.24822612 -774.9837655857117 0.0
0.0 769.7753555035913 -22.11511802 -2.63046134 -0.40046025 -0.02455876 -0.37194409 -774.6465430585446 0.0
0.0 764.3818243927236 -23.23186876 -3.44897023 -1.650317 -0.14531581 -0.92532576 -769.7753555035913 0.0
0.0 759.6562063757677 -24.51041879 -2.71015859 -0.80937608 -1.13073456 -1.88900852 -764.3818243927236 0.0
0.0 759.4687416163064 -23.76193143 -3.27286414 -0.78913723 -0.20532293 -1.15592049 -759.6562063757677 0.0
0.0 758.4171220396194 -22.81862626 -3.2763438 -1.703182 -1.72692415 -0.71076015 -759.4687416163064 0.0
0.0 754.8962557819561 -22.62983012 -3.04669094 -1.99430651 -1.07223219 -0.87743881 -758.4171220396194 0.0
0.0 753.937714977227 -22.94648309 -3.34966342 -0.3630183 -0.76165717 -1.51154439 -754.8962557819561 0.0
0.0 743.373179471604 -23.01629517 -2.03208336 -0.56600782 -0.56639098 -1.88520914 -753.937714977227 0.0
0.0 737.956276390843 -22.48092043 -2.82327629 -0.99432391 -0.83169513 -1.23815133 -743.373179471604 0.0
5e-324 737.1953736294791 -22.83755405 -2.00815133 -1.64563292 -1.17800645 -0.36081816 -737.956276390843 0.0
3e-323 735.4336231068515 -24.77662689 -2.54793471 -0.89720877 -1.03290005 -1.21876236 -737.1953736294791 0.0
9e-323 734.5147112706543 -22.83213369 -3.16078502 -1.07671532 -0.06792445 -1.68222759 -735.4336231068515 0.0
1.83e-322 733.8293343311398 -22.87197934 -3.20292463 -1.49468861 -0.02843637 -1.28786773 -734.5147112706543 0.0
5.45017e-318 723.126196200987 -22.18906696 -2.57357311 -1.20879756 -0.76673795 -0.77003653 -733.8293343311398 0.0
2.4046126e-317 721.8937117767075 -23.18932297 -3.54475153 -0.1724452 -0.20640155 -0.13503205 -723.126196200987 0.0
5.77509386e-316 718.487748872884 -22.73988126 -3.24857016 -1.27029661 -1.74038436 -0.25218798 -721.8937117767075 0.0
1.67713256e-315 717.7884096362866 -23.25237521 -3.44841934 -1.08190726 -1.0276657 -0.33715682 -718.487748872884 0.0
1.3189318775e-313 713.0246022392711 -22.94711552 -3.29178484 -1.97044405 -0.36572359 -0.89176684 -717.7884096362866 0.0
7.46874966854e-313 711.46985487347 -22.07891539 -2.40918463 -1.67078294 -0.27030905 -0.92395693 -713.0246022392711 0.0
1.7201232805362e-311 708.1737349514767 -22.13738987 -2.44954724 -0.66873031 -0.48391833 -1.31209785 -711.46985487347 0.0
2.3870952283017244e-308 700.8986411721379 -23.09709526 -3.114924 -1.68955506 -1.71284552 -1.72624877 -708.1737349514767 0.0
2.5362514614013717e-306 696.2375887543088 -23.04135077 -3.28801924 -1.05307554 -0.32121349 -1.80884455 -700.8986411721379 0.0
5.7962803689103e-306 695.9628304732576 -22.06543092 -2.34548845 -0.95744771 -0.70078966 -1.26027513 -696.2375887543088 0.0
1.0208383204078014e-305 695.2153508521527 -24.51553405 -2.53312919 -1.10337099 -1.43096146 -0.78683721 -695.9628304732576 0.0
7.184124831331428e-305 692.9734064691385 -24.53067588 -2.77255941 -0.89921102 -0.60576051 -0.57203891 -695.2153508521527 0.0
1.2730996288257823e-303 690.0458290879565 -22.05210798 -2.29919489 -1.95556132 -0.77378406 -1.4785524 -692.9734064691385 0.0
1.0556105774964631e-302 687.9955044805448 -22.92905936 -2.04534302 -0.52338966 -0.30664149 -0.68238553 -690.0458290879565 0.0
1.1641735183653367e-300 683.1754235529668 -23.28989735 -3.28910319 -1.57678485 -0.52034256 -1.83963884 -687.9955044805448 0.0
1.0416794776569931e-299 681.0889993674629 -23.83793403 -3.14967146 -0.52673471 -1.21185445 -0.76083247 -683.1754235529668 0.0
3.04978018667011e-299 680.2542049511038 -23.09407047 -2.10404372 -1.96290189 -0.81420085 -1.47061385 -681.0889993674629 0.0
1.3629351885645528e-297 676.1056938136245 -22.85083424 -3.30522674 -1.63758478 -0.42392983 -0.13531227 -680.2542049511038 0.0
1.194862308177039e-296 674.0336719394293 -24.64584515 -2.82108167 -0.44320557 -0.31508233 -0.43627878 -676.1056938136245 0.0
2.451970390377722e-295 670.9336883465593 -22.38494414 -2.69715097 -0.2010131 -1.88255043 -1.87339497 -674.0336719394293 0.0
1.9250664223798883e-293 666.5346066614972 -22.38226391 -2.5965646 -0.66905731 -0.33321369 -1.77610709 -670.9336883465593 0.0
1.1659893148633745e-292 664.8944777207631 -23.91026793 -2.94374718 -0.88009292 -1.8033025 -1.38882884 -666.5346066614972 0.0
4.634533621678529e-292 663.5688165722157 -22.88693043 -2.03193858 -1.51247104 -1.25650738 -0.57944087 -664.8944777207631 0.0
8.678192952163873e-292 663.2471864256693 -22.45618913 -2.78727524 -1.53987422 -1.95288898 -0.53969162 -663.5688165722157 0.0
6.221775115330956e-290 658.4336611918621 -22.93748152 -3.33520344 -0.15089158 -0.82044552 -0.62498448 -663.2471864256693 0.0
1.4551342800672762e-288 655.31253194272 -22.07744592 -2.29721223 -1.53324141 -0.73641382 -1.05939662 -658.4336611918621 0.0
5.33906483315758e-288 654.2665188017011 -22.19439418 -2.61238915 -1.22062028 -1.98117389 -0.12829714 -655.31253194272 0.0
8.335969178864715e-287 651.261677173757 -23.63739648 -2.61296524 -0.44289825 -0.148918 -0.66468856 -654.2665188017011 0.0
1.4756940038738035e-285 648.3907058358952 -22.38029011 -2.76853869 -1.69693658 -0.62828484 -0.19409986 -651.261677173757 0.0
4.194284925184619e-285 647.6899603554024 -23.23550178 -2.46221897 -0.85823235 -1.15580677 -0.23445734 -648.3907058358952 0.0
1.0349548195874429e-284 646.6942181523887 -22.8787993 -2.16256415 -0.28280259 -0.33952102 -0.08306792 -647.6899603554024 0.0
2.0457708575564043e-284 646.153182051011 -22.02778981 -2.10266502 -0.67534059 -1.97367683 -1.90464839 -646.6942181523887 0.0
4.0081213369411286e-282 640.4159088529963 -23.82874752 -3.24169659 -0.75380642 -1.02943431 -0.05300435 -646.153182051011 0.0
1.1505410878089325e-280 637.0868174064208 -24.69818133 -2.54159816 -1.62466055 -0.70979157 -1.86340985 -640.4159088529963 0.0
2.673484123704667e-279 633.9441531568798 -24.58169346 -2.8263939 -0.35940078 -1.91563011 -1.94384474 -637.0868174064208 0.0
7.173303317739607e-279 633.350743797566 -22.25163474 -2.5759239 -1.32837846 -1.71201252 -0.36226457 -633.9441531568798 0.0
2.106220020716517e-278 632.0763597763685 -22.21889192 -2.30262614 -1.67985586 -1.13434461 -1.5188862 -633.350743797566 0.0
6.612653332853248e-278 630.9666458641311 -24.7261873 -2.67391132 -0.54441925 -0.81220839 -1.73562141 -632.0763597763685 0.0
2.898004395091754e-277 629.3875573638585 -22.75401045 -2.80169353 -0.97564783 -1.63961577 -1.61371036 -630.9666458641311 0.0
1.826483436966248e-276 627.4956031801509 -22.68932671 -3.04886104 -1.18767552 -1.04266589 -0.19648882 -629.3875573638585 0.0
7.717755743032343e-275 623.6281536817248 -24.77241957 -2.34214804 -1.09183041 -0.71548055 -1.52620981 -627.4956031801509 0.0
6.2817665298527735e-273 619.2162266415398 -24.54609496 -2.2673775 -1.99562863 -1.73289394 -1.95629704 -623.6281536817248 0.0
5.5074075767466675e-272 617.1482065095646 -23.6664459 -3.05971485 -1.4781566 -1.90713965 -1.03179092 -619.2162266415398 0.0
1.7211831243669322e-270 613.6117688854969 -24.36606112 -2.68847677 -1.24682924 -1.56524343 -0.95191732 -617.1482065095646 0.0
3.6512554464308478e-270 613.436250653721 -22.69541746 -2.99916744 -1.67470698 -1.19497185 -0.32463232 -613.6117688854969 0.0
3.125760105569901e-269 610.7411883829307 -2.21573873e+01 -2.55002454e+00 -1.45867989e-02 -9.19346219e-01 -2.64269920e-01 -613.436250653721 0.0
6.217254382267949e-267 605.3837218038436 -22.98320983 -3.1777514 -0.34343167 -1.60509334 -1.37164103 -610.7411883829307 0.0
1.23666250217203e-266 605.3772930910325 -23.28293272 -2.55205193 -0.09762222 -0.59215634 -0.21479349 -605.3837218038436 0.0
1.2441053452619237e-266 605.3637722263555 -23.09313196 -3.34956355 -1.78613109 -0.17050027 -0.30847567 -605.3772930910325 0.0
4.4978947507924805e-266 603.5374656800408 -23.36633491 -3.2380337 -0.92809767 -0.86965821 -0.85695979 -605.3637722263555 0.0
1.1481682342361513e-265 602.8566271952258 -22.91501108 -3.07079773 -0.51743542 -0.48856726 -1.44486258 -603.5374656800408 0.0
1.9162081069664328e-262 595.023510884985 -22.82538269 -2.96781347 -0.57213735 -0.34584488 -1.13861467 -602.8566271952258 0.0
3.24174939506495e-258 585.283076203348 -22.72213704 -2.89430975 -0.53658989 -0.79168125 -0.81762297 -595.023510884985 0.0
7.81254252899734e-258 584.9325886145506 -22.60141349 -2.81370253 -0.78935491 -0.20332332 -0.39904165 -585.283076203348 0.0
2.102240818791075e-255 578.8025614737503 -23.0183989 -3.31730702 -1.73346193 -0.96880171 -0.14805964 -584.9325886145506 0.0
4.26788673304576e-255 578.7607309707139 -22.33765704 -2.42718147 -1.55142618 -1.8035031 -0.93998156 -578.8025614737503 0.0
4.727361095342341e-255 578.5963879025759 -22.08769722 -2.27729901 -1.13961284 -1.86485502 -0.54170807 -578.7607309707139 0.0
8.490258747916896e-255 577.7492050595273 -22.25134577 -2.33089191 -1.67764538 -0.44481796 -1.28692564 -578.5963879025759 0.0
1.6037756163112069e-254 577.213061851822 -24.48896613 -2.39640614 -1.82410193 -1.25234573 -1.54269134 -577.7492050595273 0.0
4.612548338866647e-254 575.9385980057535 -22.68334216 -2.89354708 -0.02613597 -0.42761804 -1.40775284 -577.213061851822 0.0
3.745212170123594e-253 573.6945678900023 -22.22845106 -2.41705267 -1.64281183 -0.30627435 -0.45277051 -575.9385980057535 0.0
1.0851193699399458e-252 572.8982433066601 -23.91110725 -3.11861969 -1.97638662 -1.65248848 -0.22893974 -573.6945678900023 0.0
4.10981560631617e-252 571.3902883371148 -24.92551151 -2.53133587 -1.58060164 -0.05601134 -0.25927535 -572.8982433066601 0.0
4.0783480410940305e-250 566.5970973126975 -23.2464128 -3.33977638 -1.13038226 -0.1787436 -0.4462496 -571.3902883371148 0.0
2.0176331282879045e-249 565.2087732043777 -22.5698233 -2.71610547 -1.20680501 -0.43135307 -0.62805487 -566.5970973126975 0.0
4.2021334160728706e-246 557.3410035401048 -23.39553991 -2.60504999 -0.32192369 -1.81944823 -0.18465574 -565.2087732043777 0.0
8.704281847223683e-246 557.2636002377332 -24.42169384 -2.45588804 -1.03252208 -1.81655111 -1.21102952 -557.3410035401048 0.0
9.164869291412284e-245 554.3006417426262 -23.46847804 -2.62944313 -1.3525822 -0.66616454 -0.21482893 -557.2636002377332 0.0
8.336528317406546e-244 552.1483675423547 -23.64292418 -2.94302408 -1.10060787 -1.95459635 -1.51496054 -554.3006417426262 0.0
5.915615986136254e-243 550.209280973636 -24.49058972 -2.79307783 -0.71140618 -0.312501 -1.63772433 -552.1483675423547 0.0
1.1207757695426708e-242 550.047345053999 -23.11871415 -3.30838654 -1.85469283 -1.64667948 -0.33766992 -550.209280973636 0.0
1.5860747558934323e-242 549.5592444756874 -23.1198162 -3.20285972 -0.83402314 -0.16662145 -0.78768678 -550.047345053999 0.0
3.0534230221451585e-242 548.8082019560194 -22.81170711 -3.10354156 -0.46297699 -1.97565103 -0.03238181 -549.5592444756874 0.0
6.81231838475455e-241 545.3434195074791 -22.80683401 -3.04801366 -0.13626769 -1.58322464 -0.5365166 -548.8082019560194 0.0
1.515410074125178e-240 545.0785405348572 -23.93401288 -2.8440219 -1.38865964 -1.94240167 -1.26150869 -545.3434195074791 0.0
2.7301979985104333e-240 544.2915648984559 -24.34699274 -2.72151999 -1.65006771 -0.8549742 -0.24148661 -545.0785405348572 0.0
3.926148255693597e-240 544.1953077848244 -23.61005697 -3.22894117 -0.7532846 -0.2093447 -0.83570705 -544.2915648984559 0.0
4.581761560508197e-240 543.983600182337 -22.66281127 -2.64134997 -0.78764856 -1.04989894 -1.65785854 -544.1953077848244 0.0
6.63502541605031e-240 543.4947417080899 -2.42168778e+01 -3.09015467e+00 -2.46539289e-01 -1.01178094e-01 -2.41906824e-02 -543.983600182337 0.0
1.7009578723134707e-239 542.3465543988252 -22.10402919 -2.04122732 -1.08123815 -1.11185325 -1.74739023 -543.4947417080899 0.0
7.765654079980338e-238 538.2626425384345 -22.40110214 -2.44099534 -1.36591048 -0.36950223 -0.98604619 -542.3465543988252 0.0
1.5406142878207344e-237 538.2375960032086 -22.62483566 -2.7651897 -1.58301563 -1.73476055 -0.47300967 -538.2626425384345 0.0
1.4583451212343851e-235 533.0079515193736 -23.17624187 -3.14033256 -1.77883201 -0.79031809 -1.26704092 -538.2375960032086 0.0
3.487576785554978e-235 532.6616093831225 -22.52386115 -2.62823272 -1.45950489 -1.06547841 -0.58537953 -533.0079515193736 0.0
6.84095008324415e-235 531.8019991525581 -23.45499257 -3.23976752 -0.24798175 -1.93369247 -1.4746673 -532.6616093831225 0.0
1.1780395480760606e-234 531.422993406817 -23.4409908 -3.16175439 -0.84268631 -0.58874022 -1.92014285 -531.8019991525581 0.0
1.7148554762672567e-234 531.0432071256054 -22.12326757 -2.28678447 -0.32998789 -0.2626761 -0.33573426 -531.422993406817 0.0
2.0622173219517072e-234 531.0105256845237 -22.20317029 -2.19421034 -1.18453243 -0.49098223 -1.50894391 -531.0432071256054 0.0
9.85040060910941e-234 528.877871817253 -22.87516857 -3.07497567 -1.92287492 -0.65472245 -0.25683175 -531.0105256845237 0.0
7.599477908437635e-232 524.4277431308936 -22.35405976 -2.11266818 -1.3319019 -1.6111256 -1.93360345 -528.877871817253 0.0
1.0390081951088883e-230 521.8715181303216 -23.98809983 -3.02195787 -1.26426618 -1.85319611 -0.36695484 -524.4277431308936 0.0
9.930285974225365e-230 519.6371803264365 -24.323655 -2.78054649 -1.100208 -1.70786552 -0.21922544 -521.8715181303216 0.0
2.613915803871256e-229 518.9818694579981 -22.73199688 -2.03435337 -0.89296702 -0.54819182 -0.2424847 -519.6371803264365 0.0
3.695135622415058e-229 518.8366385666093 -23.51495229 -3.24605812 -0.23167453 -1.12128967 -0.90940466 -518.9818694579981 0.0
1.1523081983834233e-228 517.2600109761173 -23.84311759 -2.97108609 -0.69497762 -1.53216269 -1.21775845 -518.8366385666093 0.0
2.4326010151186745e-228 516.8168944357903 -24.34347239 -2.71675039 -0.95371658 -1.49880343 -0.68652967 -517.2600109761173 0.0
1.3732313942879702e-227 514.6998512243821 -22.01804171 -2.20036009 -1.24672083 -0.32920144 -0.0914027 -516.8168944357903 0.0
1.0053776711307269e-226 512.7208587340397 -22.80319561 -2.93398614 -0.79251298 -1.26876508 -0.39695265 -514.6998512243821 0.0
2.1273447712368976e-226 512.3715804742478 -22.80899928 -2.90800284 -0.26288085 -1.49207382 -1.10446822 -512.7208587340397 0.0
5.098750455122304e-226 511.2391118322852 -22.0175849 -2.06570295 -0.95770833 -0.12755445 -0.51739458 -512.3715804742478 0.0
1.1011974960475643e-223 505.58413090375205 -24.29709643 -2.65168914 -0.97707719 -1.75877651 -1.44474207 -511.2391118322852 0.0
1.1069382477411942e-222 503.3728210994501 -24.68279859 -2.39051826 -1.6190604 -0.88809844 -1.90667208 -505.58413090375205 0.0
9.717631232965566e-222 501.20039209467205 -22.81197202 -3.01608497 -0.71115818 -1.97132923 -0.02293503 -503.3728210994501 0.0
4.011330679214735e-221 499.91489900332255 -23.09982847 -2.3406078 -0.95151393 -0.61524028 -0.53323916 -501.20039209467205 0.0
4.33253637468176e-220 497.36214253298 -22.86042793 -2.14197292 -1.94174286 -1.04804996 -0.38118014 -499.91489900332255 0.0
1.3435283167358801e-219 496.5052381584208 -22.60313307 -2.56504722 -0.95832675 -0.31420714 -1.04559036 -497.36214253298 0.0
4.10656639410876e-219 495.2899108597499 -22.3118891 -2.34830534 -1.4859361 -0.99467692 -0.61179384 -496.5052381584208 0.0
1.0228715615747355e-218 494.48229847840025 -23.01966683 -2.27454892 -1.94996026 -1.31366637 -0.48360118 -495.2899108597499 0.0
1.4325033696735282e-218 494.4497606254346 -22.68232998 -2.0364409 -0.09187333 -1.53625862 -0.47737134 -494.48229847840025 0.0
1.1548320739221652e-217 491.7464787089569 -22.11621246 -2.2992323 -0.96704909 -1.2702757 -0.58630812 -494.4497606254346 0.0
2.656396666055565e-217 491.36520732082715 -24.58212641 -2.67524149 -1.38318825 -0.29487239 -0.65002546 -491.7464787089569 0.0
3.6225452789297717e-217 491.0995498868032 -24.20836274 -2.99386714 -0.49806317 -0.10765604 -1.7576859 -491.36520732082715 0.0
9.567842420983858e-217 489.7953158283244 -23.2145646 -2.32129613 -1.86157507 -1.3652792 -1.02453543 -491.0995498868032 0.0
1.9817972192995992e-216 489.298209653258 -23.62723741 -3.09270789 -1.05136906 -0.5594141 -1.74716408 -489.7953158283244 0.0
1.1773783275834656e-215 487.14726168543297 -2.45347994e+01 -2.96205600e+00 -1.49270690e-02 -1.85235262e+00 -1.94502070e+00 -489.298209653258 0.0
2.7399899098653403e-215 486.67201403019163 -24.45130884 -2.80350286 -0.52390397 -1.7785973 -0.19919226 -487.14726168543297 0.0
7.423521495766354e-215 485.4448998530006 -22.15555229 -2.18426001 -0.41454844 -1.38926298 -0.7480021 -486.67201403019163 0.0
1.4115004527939738e-214 485.06059540124136 -22.63481064 -2.66975566 -0.77277338 -1.80967812 -0.56898982 -485.4448998530006 0.0
3.6658319724550547e-214 483.84182691615916 -22.74605591 -2.67356375 -1.72869521 -1.66749817 -0.96803571 -485.06059540124136 0.0
2.7259023531757605e-213 481.68166562333994 -23.05398959 -2.93814716 -1.21028881 -1.33434362 -1.30418928 -483.84182691615916 0.0
1.2689698014621695e-212 480.24354414164947 -22.41129147 -2.41315974 -1.10810294 -1.58746236 -0.64087821 -481.68166562333994 0.0
3.6109954863513877e-211 476.70689312804404 -22.11279483 -2.15187795 -1.88982812 -1.44406777 -0.46111398 -480.24354414164947 0.0
1.2644723492311176e-210 475.7444518602413 -24.25436065 -2.75667386 -1.72973669 -1.00281796 -0.58789403 -476.70689312804404 0.0
9.124942499708925e-210 473.54582086157734 -24.34035135 -2.4492128 -1.55190055 -0.99906369 -1.27650882 -475.7444518602413 0.0
3.9736768607002844e-209 472.19586023211394 -22.46107327 -2.49971684 -0.60494908 -1.18138967 -0.48314976 -473.54582086157734 0.0
2.1374238245949615e-208 470.4379077777325 -2.20814942e+01 -2.16542667e+00 -8.16742959e-01 -1.82869082e-02 -4.97904579e-02 -472.19586023211394 0.0
4.32086477998962e-208 470.1161750862372 -24.51242911 -2.52460251 -1.94255651 -0.42896967 -1.51547687 -470.4379077777325 0.0
1.2189399092978105e-207 468.75892859975477 -23.15073806 -2.89115713 -1.21994137 -1.9407356 -1.72204631 -470.1161750862372 0.0
2.3944225943747737e-207 468.36702887872445 -22.47604064 -2.36662209 -1.61908752 -0.8304336 -1.13604531 -468.75892859975477 0.0
4.842791987263345e-207 467.4903706782592 -22.95514115 -2.09947629 -0.47627885 -1.98503376 -1.69982482 -468.36702887872445 0.0
2.065755770752044e-206 465.8680113799365 -22.74697195 -2.03277594 -0.59617086 -1.1119372 -0.51820663 -467.4903706782592 0.0
4.4042321171394327e-206 465.42130118578154 -23.59509554 -3.23183242 -0.82317772 -0.03757034 -0.71693666 -465.8680113799365 0.0
5.735832532889891e-206 465.28673859048706 -23.43515585 -3.18082762 -0.80666944 -0.48947859 -0.88491814 -465.42130118578154 0.0
1.6913364874241311e-205 463.7719859882963 -22.00006522 -2.10421404 -0.03815043 -1.189665 -0.77172277 -465.28673859048706 0.0
5.5701689983567474e-205 462.66226612894127 -22.8161214 -2.7089354 -1.45374616 -0.23500337 -1.0761723 -463.7719859882963 0.0
1.3919759324541096e-204 461.8137971705975 -23.08009096 -3.00114413 -1.33976082 -0.6144865 -1.34719498 -462.66226612894127 0.0
4.299501321950831e-204 460.581636055909 -22.79172264 -2.77008194 -0.42658047 -1.3401138 -0.82549801 -461.8137971705975 0.0
2.7304043158801934e-203 458.60263302875836 -24.17849679 -2.33609737 -1.35638188 -1.76228242 -1.58690271 -460.581636055909 0.0
1.9367158967242445e-202 456.64172687659953 -23.17994249 -3.16653031 -0.48267638 -0.0552582 -0.52093552 -458.60263302875836 0.0
1.9600444696252637e-201 454.28173237957225 -22.79426965 -2.99464579 -0.05656729 -1.25979564 -0.77645384 -456.64172687659953 0.0
3.797582233471589e-201 454.1604711786305 -24.63401693 -2.62900057 -1.65660489 -0.09999791 -0.70911398 -454.28173237957225 0.0
4.012111055970482e-201 454.16016865868346 -22.78802935 -2.63795523 -1.23365729 -0.15745311 -1.7065613 -454.1604711786305 0.0
5.462853840168383e-201 453.60993330003384 -22.36534016 -2.46313196 -0.60657637 -1.73315848 -0.08550222 -454.16016865868346 0.0
8.090642402327525e-201 453.31380117755003 -23.45485314 -2.99773799 -1.87494196 -1.51950472 -1.36727951 -453.60993330003384 0.0
3.3307142039791187e-200 451.48811647963726 -24.27461042 -2.83913945 -1.59798184 -0.97335993 -0.03570743 -453.31380117755003 0.0
6.224181717347602e-200 451.3239021406599 -22.21137093 -2.32693825 -0.10741355 -1.71376363 -0.19329015 -451.48811647963726 0.0
2.2750379409323383e-199 449.56883951233004 -24.25032649 -2.56932099 -1.17814289 -1.78644717 -1.66679093 -451.3239021406599 0.0
5.947297460002102e-199 448.8372434039961 -22.37472822 -2.26308592 -1.76156504 -0.72589786 -0.96682714 -449.56883951233004 0.0
1.6892960406367775e-198 447.6666442853185 -22.36484751 -2.03798653 -1.04835999 -1.64645205 -1.83722402 -448.8372434039961 0.0
2.0315080766928898e-197 444.97073711909746 -23.08012747 -3.0450855 -0.8051989 -1.78781233 -0.73891096 -447.6666442853185 0.0
1.782737668556174e-196 442.8419000193552 -22.92604797 -2.78976167 -1.77641274 -0.58088525 -1.73451481 -444.97073711909746 0.0
1.0066891416261843e-195 441.16592807970983 -22.5661358 -2.56094817 -0.14551189 -1.21440558 -1.27016544 -442.8419000193552 0.0
2.061667366047407e-195 440.8006452084212 -22.24928724 -2.13306064 -0.33281537 -1.7549767 -1.81363866 -441.16592807970983 0.0
5.349937393548878e-195 439.5729244052379 -23.20036381 -2.90059788 -1.95653391 -1.44798067 -1.75391532 -440.8006452084212 0.0
1.0333457503768498e-194 439.1625688076984 -22.99851028 -2.91763854 -0.93655965 -1.55242997 -0.88832868 -439.5729244052379 0.0
1.2662837031651647e-194 439.1170826286534 -23.86259749 -2.9188134 -1.68600911 -0.77265198 -1.57351207 -439.1625688076984 0.0
2.9556116659601686e-194 437.8409843415905 -22.34587245 -2.40421814 -1.94308097 -0.55960973 -0.09491397 -439.1170826286534 0.0
4.660282836268419e-194 437.81635397005397 -22.67725511 -2.49445259 -0.69630488 -1.28567415 -1.29730312 -437.8409843415905 0.0
4.950879197793155e-194 437.7144647966334 -22.42633829 -2.31447579 -0.68117967 -0.90222165 -0.90438023 -437.81635397005397 0.0
6.047728576978441e-194 437.42623774602214 -24.32913199 -2.80797826 -1.59461301 -0.34285439 -0.4194984 -437.7144647966334 0.0
2.3218295388254995e-192 433.2299599140876 -24.51070443 -2.71886564 -0.53838319 -1.47332779 -0.57600499 -437.42623774602214 0.0
7.790730146992384e-192 432.34637619358375 -23.39733723 -2.50009127 -1.1488687 -0.84555622 -0.77994427 -433.2299599140876 0.0
3.1472919832240173e-191 430.7919710996112 -23.19215829 -2.50948655 -0.59889578 -0.96341047 -0.36728378 -432.34637619358375 0.0
6.928147648826259e-191 430.2748817083944 -22.31589059 -2.16609914 -1.58061628 -1.40570198 -0.90217688 -430.7919710996112 0.0
5.832342235094471e-190 427.7498303134032 -23.0223317 -2.84658894 -1.96898187 -0.94387204 -1.75687148 -430.2748817083944 0.0
8.098710817847599e-189 425.10667602252664 -24.20005431 -2.94953688 -1.627287 -0.13051803 -0.40700294 -427.7498303134032 0.0
1.782866686627221e-188 424.793725515393 -24.47359481 -2.70032986 -0.04118207 -1.18905788 -0.27417748 -425.10667602252664 0.0
3.3755558365409867e-186 419.000404534594 -22.6916844 -2.56670481 -0.65139235 -1.71169392 -0.7992393 -424.793725515393 0.0
7.204980390128707e-186 418.86105413774936 -22.58032814 -2.3393481 -1.29309379 -1.35752293 -1.21292652 -419.000404534594 0.0
2.9967223298545286e-185 416.9428729079778 -22.42994213 -2.37122982 -1.46798593 -0.38288525 -0.38865294 -418.86105413774936 0.0
6.757099789117384e-185 416.47515330465046 -22.4763866 -2.33224757 -0.46313594 -1.84065135 -1.03448613 -416.9428729079778 0.0
8.508335601409865e-185 416.420530495339 -22.4181036 -2.46227564 -0.26903049 -0.71706993 -0.0931505 -416.47515330465046 0.0
9.368656321324436e-185 416.27879481121187 -23.21621276 -2.9724663 -0.96502867 -1.64426067 -1.37062277 -416.420530495339 0.0
5.326110702267434e-184 414.01067023217024 -22.68519413 -2.46408592 -1.79102687 -0.17875015 -1.50907042 -416.27879481121187 0.0
1.920996561047696e-183 412.9133940825629 -24.280977 -2.9004514 -0.74694248 -0.169572 -0.31050815 -414.01067023217024 0.0
1.265339868782496e-182 410.8566326270316 -23.1693662 -2.22465527 -1.26175785 -1.43779756 -1.55624372 -412.9133940825629 0.0
2.5183930298925942e-182 410.6304839009211 -23.00557648 -2.91324451 -1.80242178 -1.43741662 -0.73004462 -410.8566326270316 0.0
4.142929513025688e-182 409.95295642775875 -23.1958377 -2.85172589 -1.0488397 -1.44754084 -1.96167617 -410.6304839009211 0.0
1.4303218452062887e-181 408.51154455236497 -23.63530291 -2.44342074 -1.86937239 -1.97787089 -1.56974118 -409.95295642775875 0.0
2.9224887677479983e-181 408.0818668651559 -22.33183385 -2.14134005 -1.56549933 -0.20128641 -0.90363874 -408.51154455236497 0.0
4.664447128861139e-181 407.5840211260505 -22.78579635 -2.68740643 -1.23084069 -0.61890342 -0.53188481 -408.0818668651559 0.0
8.362835269608553e-181 406.9452209622202 -22.46614492 -2.25109335 -1.00550114 -0.67256878 -1.35448219 -407.5840211260505 0.0
1.145888533306714e-180 406.8481293772056 -23.92089534 -3.05427003 -1.22251876 -0.18075032 -0.90179936 -406.9452209622202 0.0
1.4909242568030012e-180 406.4481762670322 -23.58950366 -2.81565787 -1.84043984 -1.57551856 -1.89529718 -406.8481293772056 0.0
2.095678937192001e-180 406.1426952700741 -22.28061044 -2.25570391 -0.52140645 -0.86851693 -0.25746541 -406.4481762670322 0.0
7.0412182897814825e-180 404.56193116662195 -22.69885142 -2.07863351 -1.17854791 -0.83821148 -0.29513159 -406.1426952700741 0.0
1.667754369328828e-179 403.93734380315897 -22.49435585 -2.45037359 -1.09467994 -0.73548316 -0.2749586 -404.56193116662195 0.0
2.2182702178089716e-179 403.88807249612057 -22.69152298 -2.69956067 -1.1546075 -1.50918362 -0.07942571 -403.93734380315897 0.0
7.725995271742237e-179 402.12582260407504 -22.54774128 -2.51821677 -1.00432139 -1.63975188 -0.20521536 -403.88807249612057 0.0
1.8093915707309394e-178 401.56338563949333 -22.57523016 -2.4967944 -1.1283248 -1.08580951 -0.39491679 -402.12582260407504 0.0
3.0482648024174074e-178 401.0594412163618 -24.05977856 -2.6997356 -0.55560011 -0.07888053 -0.77106386 -401.56338563949333 0.0
1.4751802984473229e-177 399.14337812066117 -22.64173427 -2.35569161 -1.39697269 -1.55094004 -1.23045748 -401.0594412163618 0.0
3.4908169699618748e-177 398.59785010547665 -23.18776926 -3.11770434 -0.99954829 -0.50172204 -0.55414875 -399.14337812066117 0.0
5.060756851344721e-177 398.33620410061786 -22.48157412 -2.23504799 -1.19368775 -0.62549439 -1.72906439 -398.59785010547665 0.0
1.4727849012330427e-176 396.9080392585904 -24.7735081 -2.53493238 -0.59176589 -0.88941435 -1.01843304 -398.33620410061786 0.0
2.722373073290406e-176 396.6450730300343 -24.49468423 -2.50867262 -0.59565689 -0.63150967 -1.25212445 -396.9080392585904 0.0
1.5107132145650166e-175 394.4641360923294 -22.12381769 -2.12309605 -0.97743088 -1.53209446 -0.0313688 -396.6450730300343 0.0
2.913998124230641e-175 394.31976193250813 -23.44568436 -3.21201707 -0.52761812 -1.25114875 -0.4329514 -394.4641360923294 0.0
3.6689865827770826e-175 394.0135214980356 -23.67825069 -2.55018007 -1.35626864 -1.11987189 -1.33260567 -394.31976193250813 0.0
6.744895003255773e-175 393.2230051848796 -22.16085183 -2.15532805 -1.62259769 -1.94683314 -0.03919249 -394.0135214980356 0.0
1.0177419327758753e-173 390.177465852315 -22.32838797 -2.26025457 -0.24484216 -1.82679959 -0.4924987 -393.2230051848796 0.0
2.5058304772840256e-172 386.96276261657647 -22.93020748 -2.70133791 -1.71936294 -0.5840205 -1.42294111 -390.177465852315 0.0
5.361642986344905e-172 386.75208518434243 -22.75160316 -2.0245033 -1.59544346 -1.81924916 -0.80119505 -386.96276261657647 0.0
1.6861098418018282e-171 385.2013572069997 -22.51194261 -2.45488965 -1.20217294 -1.34275667 -0.19076479 -386.75208518434243 0.0
1.7228484621995306e-170 382.7647152670815 -23.32416064 -3.13076448 -0.94831318 -0.31532472 -0.87201852 -385.2013572069997 0.0
3.625032789182719e-170 382.50446364819 -23.00838929 -2.21684102 -1.5211569 -0.38110907 -1.54182665 -382.7647152670815 0.0
1.372087950772015e-169 380.7588230324707 -23.20431344 -2.28619338 -0.94046088 -1.12909075 -1.8861016 -382.50446364819 0.0
1.185049993466081e-168 378.54127000904805 -22.78936003 -2.21167621 -0.11404236 -1.80141559 -0.73728859 -380.7588230324707 0.0
4.54887424283277e-168 377.35541046229645 -2.27405454e+01 -2.62427908e+00 -1.04365546e-02 -1.34149366e+00 -1.88287549e+00 -378.54127000904805 0.0
8.274384798689566e-167 374.226823465013 -22.80830626 -2.46233528 -1.49784985 -1.04214868 -1.69264351 -377.35541046229645 0.0
8.109274828943388e-166 371.9999931854676 -23.11548461 -3.06080093 -0.52886411 -1.41694602 -0.39147374 -374.226823465013 0.0
1.8560325591097205e-165 371.56444505642224 -22.14126225 -2.06697413 -1.07040134 -1.04661644 -0.13685467 -371.9999931854676 0.0
2.0610128312520768e-164 368.71021302597217 -22.80436609 -2.51564207 -0.45190184 -0.19068469 -1.63569433 -371.56444505642224 0.0
5.585436079086171e-164 368.08021464913213 -2.39928382e+01 -3.14548123e+00 -6.46149763e-03 -6.24983186e-01 -7.92407397e-01 -368.71021302597217 0.0
7.893877871437722e-164 367.91922564731914 -22.96134866 -2.12517071 -0.98373708 -1.31976447 -1.47155215 -368.08021464913213 0.0
1.877012825072198e-163 366.6896880085395 -22.9174664 -2.85382092 -0.68592656 -1.913061 -0.15584388 -367.91922564731914 0.0
3.3270964323881876e-163 366.42728178064755 -22.43176524 -2.0766402 -1.88211816 -1.000977 -1.77850825 -366.6896880085395 0.0
2.5860170845953027e-162 363.8773471051116 -22.97965029 -2.66685586 -1.6230737 -0.15441581 -1.52503077 -366.42728178064755 0.0
4.992141089884166e-162 363.79162596037327 -23.19165515 -3.03365027 -0.64894988 -0.5684996 -0.81919233 -363.8773471051116 0.0
9.14317845141082e-162 362.8647433231194 -23.21067847 -2.43029874 -1.42707415 -0.05426006 -1.48848175 -363.79162596037327 0.0
2.181371052246472e-161 362.01315216360274 -23.3998931 -3.17789532 -0.1584115 -1.11337265 -1.11524191 -362.8647433231194 0.0
4.736564401893967e-161 361.26629229447855 -22.14846759 -2.04367708 -0.39309265 -0.94491697 -0.23374877 -362.01315216360274 0.0
6.771236358611516e-161 361.15708066373173 -2.30055488e+01 -2.41145914e+00 -4.96273913e-03 -1.10174415e+00 -1.80521029e+00 -361.26629229447855 0.0
1.171976641863336e-160 360.32604556109493 -23.10095076 -2.93055142 -0.38146943 -0.28867483 -0.85359801 -361.15708066373173 0.0
1.6773488059435224e-160 360.26507645214554 -24.16910196 -3.04743439 -0.05951764 -0.96708445 -0.73999678 -360.32604556109493 0.0
1.9723611525124662e-160 360.00939715844413 -22.78542846 -2.12347979 -1.87526947 -1.8559889 -0.65862604 -360.26507645214554 0.0
2.244529822916576e-160 359.98244596961746 -22.83122469 -2.11607734 -0.35021497 -0.34926631 -1.40569278 -360.00939715844413 0.0
2.4444655813152206e-160 359.835932381265 -22.74995936 -2.54299324 -0.81445957 -1.16885784 -0.61367848 -359.98244596961746 0.0
2.8942830143158857e-160 359.64078402537956 -23.48158546 -3.15558325 -0.75071693 -0.20735479 -0.79854806 -359.835932381265 0.0
4.649517419695786e-160 358.9781956431819 -22.3419214 -2.02795565 -0.80785077 -0.70506728 -1.5155059 -359.64078402537956 0.0
4.537452073685888e-159 356.3499801718196 -22.94374977 -2.72814293 -0.48228912 -0.90839158 -1.00157036 -358.9781956431819 0.0
1.0656435783357835e-158 355.9258860659139 -23.12192649 -2.86452396 -0.9924238 -1.03351512 -1.16747711 -356.3499801718196 0.0
4.519630008562911e-158 354.1267236785523 -22.84576085 -2.55195905 -0.54216586 -1.6310441 -1.1216372 -355.9258860659139 0.0
8.849011601979954e-158 353.8713496494464 -23.44633328 -2.57935307 -0.7022416 -0.82086657 -0.84547744 -354.1267236785523 0.0
1.0163179386147736e-157 353.82606137600294 -22.29071447 -2.02077546 -0.43018034 -1.23364356 -1.11873883 -353.8713496494464 0.0
1.6046113464325045e-157 353.0840581145105 -22.78506128 -2.58272543 -0.23192756 -1.4266898 -1.18583909 -353.82606137600294 0.0
2.5932192532224904e-157 352.7510421883244 -22.93074244 -2.80030919 -1.50166155 -0.44168756 -0.23994158 -353.0840581145105 0.0
3.162205711446386e-157 352.6540860741876 -22.8661067 -2.52989148 -1.24015245 -0.87470052 -1.21850923 -352.7510421883244 0.0
3.8795704749648443e-156 349.54070124906895 -22.5917533 -2.2350991 -1.66422025 -0.7423678 -1.82090646 -352.6540860741876 0.0
7.765039750038534e-156 349.44643661050156 -22.94083535 -2.32216342 -1.36386627 -0.31289036 -0.4648057 -349.54070124906895 0.0
1.0200182408018435e-155 349.02833591527184 -22.60494443 -2.1270463 -0.96022724 -1.69292245 -1.67941614 -349.44643661050156 0.0
1.5705481396884568e-155 348.581387338168 -22.46490288 -2.10585039 -0.89441802 -0.89586425 -1.48339987 -349.02833591527184 0.0
9.79919175898342e-155 346.3545171330806 -22.76836269 -2.03953337 -1.2081459 -1.78417255 -1.03083135 -348.581387338168 0.0
2.7881966364589468e-154 345.58216349263245 -22.90009876 -2.64650302 -1.81335326 -1.93956659 -0.65740535 -346.3545171330806 0.0
1.02603880800261e-153 344.1002613624561 -23.20467939 -2.93568885 -0.75674137 -0.31600008 -1.53085536 -345.58216349263245 0.0
2.0343044552440694e-153 343.7336167598965 -22.87753305 -2.60603273 -0.32246953 -1.76575533 -1.67361628 -344.1002613624561 0.0
2.5210125187926847e-153 343.6324034737644 -22.78083496 -2.17170948 -1.66161202 -0.43157447 -0.51119801 -343.7336167598965 0.0
3.1360112362370275e-153 343.3120398658185 -22.95710135 -2.34588975 -0.44340368 -0.09199988 -0.39406974 -343.6324034737644 0.0
3.9705275398067905e-153 343.13481733799097 -23.15547345 -2.94643006 -0.69679292 -1.76225089 -0.8542185 -343.3120398658185 0.0
4.804023851587353e-153 342.9259870832423 -23.30924818 -3.02757718 -1.20971488 -0.29642951 -1.61415496 -343.13481733799097 0.0
5.627263936859108e-153 342.803368081214 -22.39136328 -2.11917905 -1.31200115 -1.35397597 -0.68138863 -342.9259870832423 0.0
1.67389776938688e-152 341.271157585947 -24.17258365 -2.86933408 -0.67502254 -0.51874862 -0.44228378 -342.803368081214 0.0
3.9831466933950315e-152 340.6265383832627 -23.04265073 -2.47796008 -0.02621097 -1.85932455 -1.54837535 -341.271157585947 0.0
1.906978335523431e-151 338.78129189139264 -22.48161269 -2.20495043 -0.42017136 -0.52843395 -0.86460611 -340.6265383832627 0.0
3.404698708425789e-151 338.70829582746035 -22.2448603 -2.04027032 -1.48282735 -1.7330515 -0.3542805 -338.78129189139264 0.0
4.183597435440665e-151 338.38583010377215 -22.91608524 -2.75762836 -1.99972804 -1.10108678 -0.21624914 -338.70829582746035 0.0
6.508444501482167e-151 337.8591345885703 -22.62387441 -2.41459624 -0.02581212 -0.3141178 -0.85679556 -338.38583010377215 0.0
8.811431164652666e-151 337.70901131101243 -22.57706239 -2.09828129 -1.94587045 -1.8322184 -0.06132683 -337.8591345885703 0.0
1.1951417804529482e-150 337.28130935643946 -23.41137193 -3.26009402 -0.52748977 -0.5575726 -0.09116421 -337.70901131101243 0.0
1.477863420663858e-150 337.2315921214643 -24.4221818 -2.5412163 -0.45215874 -1.03923486 -1.03773868 -337.28130935643946 0.0
1.9233446701253387e-150 336.79339568504184 -2.39396524e+01 -3.15860469e+00 -1.44815258e-02 -7.30574333e-01 -3.48398160e-01 -337.2315921214643 0.0
3.876247100049393e-150 335.9479807255392 -22.28432471 -2.19259753 -0.04710226 -1.30731108 -0.10085112 -336.79339568504184 0.0
5.432843392090465e-150 335.93665235673285 -2.21445311e+01 -2.01228076e+00 -7.26265318e-03 -1.68576004e+00 -6.19325787e-01 -335.9479807255392 0.0
5.670977843051339e-150 335.8558005679507 -22.73863014 -2.04371518 -1.28693826 -0.64663021 -1.21549758 -335.93665235673285 0.0
3.031388529534664e-149 333.62398036791444 -22.96936354 -2.23761629 -1.15921632 -0.0644048 -1.63377806 -335.8558005679507 0.0
8.787184480801632e-149 332.82525711887666 -23.07590693 -2.89979147 -0.08538832 -0.5793414 -1.76048648 -333.62398036791444 0.0
1.2794868161352666e-148 332.71226460725137 -23.742172 -3.07312254 -0.64886671 -0.77931953 -0.47974553 -332.82525711887666 0.0
2.8141694847673464e-148 331.5552061216954 -23.48290558 -3.08472613 -1.01611516 -1.09108396 -0.74566125 -332.71226460725137 0.0
5.764825902556015e-148 331.02261607154037 -22.47339894 -2.0106774 -1.18722307 -1.77184898 -1.34110184 -331.5552061216954 0.0
7.364035228198639e-148 330.9877690114968 -22.54504865 -2.00471636 -1.2047631 -0.65656356 -0.33297088 -331.02261607154037 0.0
7.607161860648004e-148 330.9497260470415 -22.86902332 -2.65816388 -1.60655221 -0.36588523 -0.27337432 -330.9877690114968 0.0
7.919786088130817e-148 330.89950554691177 -22.65632139 -2.45262086 -0.83155827 -0.7076417 -0.26517546 -330.9497260470415 0.0
1.2434898996321151e-147 330.1692746378829 -23.73582318 -2.87719251 -1.52661472 -0.88829532 -0.04405478 -330.89950554691177 0.0
2.0212491552725998e-147 329.81985473031597 -23.22510728 -3.02002468 -0.31854577 -0.75522212 -1.30646967 -330.1692746378829 0.0
3.4501160863800543e-147 329.1664308485823 -23.03277179 -2.64091495 -1.82457217 -0.11346714 -1.59769118 -329.81985473031597 0.0
6.30210016134996e-147 328.58529436627964 -23.01589923 -2.83924789 -0.04345779 -1.64987644 -1.79591492 -329.1664308485823 0.0
8.427256276920858e-147 328.49599519149604 -22.57031185 -2.35756226 -0.39855112 -1.02436856 -0.37145667 -328.58529436627964 0.0
8.858783681604266e-147 328.4755454948871 -23.03195126 -2.780349 -1.07318654 -0.68450261 -0.85858421 -328.49599519149604 0.0
1.8894727027527163e-146 327.3001334271117 -24.09773929 -2.95407142 -1.12132615 -1.14515946 -0.04943811 -328.4755454948871 0.0
3.212689379003284e-146 327.08980570321 -22.80912317 -2.16600938 -0.22997831 -0.13123375 -0.94390143 -327.3001334271117 0.0
5.054872928108083e-146 326.469355940145 -23.00002367 -2.70385252 -1.18483439 -1.17895177 -0.91153211 -327.08980570321 0.0
2.0012233896754926e-145 324.8377431224099 -24.94860119 -2.50052704 -0.40981179 -0.96882066 -1.82965966 -326.469355940145 0.0
4.697703295354708e-145 324.24010011270576 -22.45864083 -2.24704747 -0.17998138 -1.14077079 -0.49795334 -324.8377431224099 0.0
1.2969913952015124e-144 323.04714277088385 -23.06026703 -2.73286782 -1.55286802 -0.54582466 -1.6569875 -324.24010011270576 0.0
2.80349432273915e-144 322.4436747934787 -22.84721685 -2.17129845 -1.8597171 -0.44923457 -1.28788872 -323.04714277088385 0.0
5.1160403387532185e-144 321.83705565419996 -23.48196745 -2.43518055 -1.06722095 -1.26073699 -1.80726693 -322.4436747934787 0.0
7.149154904430576e-144 321.6818596032667 -22.76415906 -2.28853044 -1.02841752 -1.06196816 -1.95981409 -321.83705565419996 0.0
8.440073137737314e-144 321.49937608518775 -22.49616236 -2.02320843 -1.29974775 -1.03326298 -1.60760586 -321.6818596032667 0.0
9.494229511369672e-144 321.4313328353619 -22.899157 -2.66523748 -0.2969216 -1.28379649 -0.49648662 -321.49937608518775 0.0
1.0529894799268466e-143 321.28827830533925 -22.7803899 -2.34749319 -0.78998987 -0.90785355 -1.96969809 -321.4313328353619 0.0
1.1489906301788445e-143 321.2442210185416 -22.58316506 -2.38498529 -1.55410445 -0.32271527 -0.09386513 -321.28827830533925 0.0
1.6221523014128454e-143 320.67108913583934 -22.62345335 -2.20153858 -0.2359442 -0.53757425 -0.06141559 -321.2442210185416 0.0
2.1711261470768916e-143 320.5745610917888 -22.76565736 -2.54527511 -1.80420326 -1.70753051 -0.24065312 -320.67108913583934 0.0
5.015817097546921e-143 319.34330523033316 -24.63060177 -2.83827014 -0.03383325 -0.64819193 -0.61698969 -320.5745610917888 0.0
9.006642396086206e-143 319.05878564447096 -22.81975634 -2.23520469 -0.29246745 -0.54350028 -1.15337303 -319.34330523033316 0.0
1.0430226605612943e-142 319.02199825174756 -23.21842039 -3.06587045 -0.81327266 -1.18233831 -0.42185208 -319.05878564447096 0.0
1.0802122093158164e-142 318.9808179966812 -22.49354421 -2.07138576 -0.93239093 -0.8438122 -1.24263091 -319.02199825174756 0.0
1.5441599097938254e-142 318.3860957266402 -22.86039328 -2.5564291 -0.72291021 -1.33081003 -0.58447136 -318.9808179966812 0.0
2.3925652834795888e-142 318.0397512085971 -22.51090719 -2.09036466 -1.96663451 -0.42392997 -1.36221439 -318.3860957266402 0.0
3.1627012010852972e-142 317.80401223160646 -22.89052465 -2.4615883 -1.22764179 -0.4649434 -1.62020404 -318.0397512085971 0.0
3.5796377158551436e-142 317.77051623232353 -22.60852665 -2.18589976 -0.92944266 -1.28095643 -1.02095424 -317.80401223160646 0.0
3.963261824801449e-142 317.59944369414575 -22.77611243 -2.34468999 -1.05400547 -0.19772691 -1.21393619 -317.77051623232353 0.0
5.60794740574856e-142 317.1183120455117 -23.12028946 -2.92275569 -0.60263294 -0.45859228 -0.57939236 -317.59944369414575 0.0
7.700444517265302e-142 316.91070660249926 -22.74198538 -2.06759864 -1.14441707 -0.53202376 -1.68849015 -317.1183120455117 0.0
1.4005530814146543e-141 316.07354448118883 -22.56904292 -2.29867523 -0.64959702 -0.26073348 -0.28325044 -316.91070660249926 0.0
2.3379902668826574e-141 315.73591669235543 -22.97597527 -2.5942343 -1.70919914 -0.91093749 -1.05865583 -316.07354448118883 0.0
3.858673573486334e-141 315.12656026056555 -23.01127892 -2.86394677 -0.62336706 -0.17378345 -0.02497826 -315.73591669235543 0.0
6.339454369995443e-141 314.6906912097903 -22.51729907 -2.31204068 -1.90620114 -1.33847348 -0.05777562 -315.12656026056555 0.0
9.30414979974564e-141 314.33549336095626 -23.22435108 -2.88440684 -1.70362365 -1.47543523 -1.14080299 -314.6906912097903 0.0
1.1061890431887119e-140 314.30546485505613 -22.83396458 -2.18748357 -0.57510519 -0.93329934 -1.37001854 -314.33549336095626 0.0
1.1186425238876728e-140 314.3048937719501 -22.38572622 -2.03901284 -0.31469773 -1.6723241 -1.18147992 -314.30546485505613 0.0
1.1344515939060773e-140 314.26972308135174 -22.70367729 -2.00174059 -1.04390683 -0.97282553 -1.77549238 -314.3048937719501 0.0
1.1975955384192017e-140 314.1898615981813 -22.58459197 -2.1588416 -0.26527577 -0.04371612 -1.5549703 -314.26972308135174 0.0
1.9849361122403791e-140 313.401221595173 -23.01765953 -2.76528217 -0.19798897 -0.77184907 -1.6226763 -314.1898615981813 0.0
4.738633247716509e-140 312.49049686063734 -22.66309675 -2.19541551 -1.86538118 -0.09184847 -1.82490932 -313.401221595173 0.0
1.4769571019972406e-139 311.27025129895907 -22.52671672 -2.06493539 -1.5591623 -1.24875555 -1.09510794 -312.49049686063734 0.0
2.520434277988328e-139 311.0721929892863 -2.25121267e+01 -2.06512713e+00 -1.25636368e-02 -1.95800828e+00 -1.12887938e+00 -311.27025129895907 0.0
3.875772302857875e-139 310.4786570558113 -22.94048743 -2.48661263 -0.96911528 -0.4376712 -1.73110939 -311.0721929892863 0.0
6.949653152506873e-139 309.8938233914076 -22.48633796 -2.05961414 -0.47189859 -1.33821335 -1.36448667 -310.4786570558113 0.0
2.743173210050642e-138 308.25072362607557 -22.58641482 -2.17455173 -0.96178822 -0.61253471 -0.86017491 -309.8938233914076 0.0
4.765732136904603e-138 308.1723199983394 -22.65296352 -2.13232218 -0.8282762 -1.5909254 -1.33149175 -308.25072362607557 0.0
5.3030468336921955e-138 308.0324307504174 -22.78860739 -2.23459881 -1.81844983 -1.88358948 -1.35833104 -308.1723199983394 0.0
6.424730069308494e-138 307.79032023654344 -24.14900163 -3.05018564 -0.06887536 -1.86244935 -0.0972874 -308.0324307504174 0.0
7.37847788597807e-138 307.7338009824546 -23.29469906 -2.44753151 -1.43852059 -0.69164262 -1.84921168 -307.79032023654344 0.0
9.359213778072024e-138 307.34374673314653 -22.73534434 -2.52554982 -0.57450541 -1.73059145 -0.03041631 -307.7338009824546 0.0
1.1974436440967956e-137 307.2003320207613 -22.73579629 -2.27858969 -0.74199377 -0.1012572 -0.96574638 -307.34374673314653 0.0
1.9921539921935478e-137 306.45010074220164 -22.80084679 -2.37105389 -0.33169255 -0.22674775 -1.18781194 -307.2003320207613 0.0
2.777077752682184e-137 306.3913157393594 -2.29672808e+01 -2.64761169e+00 -7.68038912e-02 -1.06801321e-02 -4.10735445e-01 -306.45010074220164 0.0
3.353248676856239e-137 306.08722180731553 -22.7968444 -2.31245152 -0.54644747 -1.17228402 -1.65611911 -306.3913157393594 0.0
3.9238899567507146e-137 306.04641057285204 -22.71592833 -2.32979674 -0.43910808 -0.40155437 -0.76662778 -306.08722180731553 0.0
4.725214603394274e-137 305.7318052005675 -22.62971306 -2.16067323 -0.52757511 -0.58688189 -1.92036246 -306.04641057285204 0.0
6.266525806059399e-137 305.466686307396 -22.86448526 -2.24602109 -0.95470935 -0.49518266 -1.32066515 -305.7318052005675 0.0
7.214271821206647e-137 305.4250553109489 -22.81264264 -2.04318333 -0.76332049 -1.61540637 -1.98468723 -305.466686307396 0.0
8.055572059187439e-137 305.24569522079923 -2.29313125e+01 -2.53817350e+00 -7.15565726e-01 -1.71718425e+00 -1.29985642e-03 -305.4250553109489 0.0
9.119528330525957e-137 305.1626548434538 -22.93957001 -2.27337363 -1.16687658 -1.99112217 -1.10180436 -305.24569522079923 0.0
1.0230036289528635e-136 305.0118479611236 -22.73781639 -2.10909272 -1.68450926 -0.43024855 -1.45037459 -305.1626548434538 0.0
1.346821402994429e-136 304.63439095886696 -22.66313308 -2.24410994 -1.88980738 -0.41769055 -0.79968656 -305.0118479611236 0.0
1.714359541959032e-136 304.4910058253105 -22.70307766 -2.33908561 -1.58550553 -1.09867272 -0.51336559 -304.63439095886696 0.0
1.94114658529772e-136 304.3760924344052 -24.08187818 -2.67831526 -1.38963964 -1.59178065 -0.41527366 -304.4910058253105 0.0
3.348137971173901e-136 303.5539109853656 -22.74963756 -2.0530181 -0.71706439 -1.3248301 -1.88217551 -304.3760924344052 0.0
4.952931506038391e-136 303.4246897567055 -24.28679531 -2.65751742 -0.65373057 -1.32617443 -0.77924956 -303.5539109853656 0.0
5.40455747942909e-136 303.3680318341611 -22.54697384 -2.11768505 -0.42475119 -0.70932462 -1.2799087 -303.4246897567055 0.0
8.543603749184402e-136 302.63237515525367 -22.80669358 -2.4053942 -0.56716275 -0.64112762 -0.07520857 -303.3680318341611 0.0
1.5651065731894136e-135 302.08971665510165 -22.65335855 -2.36154856 -1.78949903 -1.05018519 -0.18502647 -302.63237515525367 0.0
1.9798944430177528e-135 302.0814951847589 -22.6388858 -2.34758748 -1.28687571 -1.51938419 -0.22228492 -302.08971665510165 0.0
2.2055216026834098e-135 301.876374901117 -22.65332317 -2.19046306 -1.11006663 -1.8880176 -0.84860203 -302.0814951847589 0.0
3.7235955624227555e-135 301.1460433309211 -22.87087677 -2.34126802 -0.89913328 -1.47128914 -0.62252626 -301.876374901117 0.0
5.127697127281545e-135 301.09853738656057 -22.90966235 -2.4931466 -1.74286406 -1.01940593 -0.73234652 -301.1460433309211 0.0
5.2791683664217334e-135 301.07936320143347 -22.86760919 -2.61752561 -1.74131117 -1.47889355 -0.05572835 -301.09853738656057 0.0
5.320963903667742e-135 301.07469509510827 -22.50290673 -2.16315523 -0.83852264 -1.07368222 -0.36895359 -301.07936320143347 0.0
5.610003699750217e-135 300.9684030669084 -22.57760943 -2.12005138 -1.32461446 -0.92113877 -0.83540807 -301.07469509510827 0.0
6.377318260102936e-135 300.81348890318327 -23.44723469 -2.64756646 -0.42913728 -1.77934326 -0.79783509 -300.9684030669084 0.0
7.286118759322288e-135 300.6916854925704 -22.73496139 -2.48233651 -0.19432926 -0.47736865 -0.15583139 -300.81348890318327 0.0
7.961502592711428e-135 300.6255963739912 -22.90566503 -2.62297799 -0.98652556 -0.27713062 -0.11064039 -300.6916854925704 0.0
8.247016878240942e-135 300.6121870688865 -22.75315647 -2.2529161 -1.57417767 -0.04127608 -0.94230764 -300.6255963739912 0.0
8.330603977923494e-135 300.5974528225104 -22.91608498 -2.35637312 -1.8388019 -1.09904532 -0.74114695 -300.6121870688865 0.0
8.456973139702278e-135 300.57417350139497 -22.65572889 -2.12208833 -1.24439819 -1.06621052 -1.14370693 -300.5974528225104 0.0
8.955868234143392e-135 300.47705505086697 -22.87267366 -2.36962036 -1.25106974 -0.73837367 -1.70470337 -300.57417350139497 0.0
1.0357126591955559e-134 300.2825443990359 -22.55301715 -2.07685389 -1.67443913 -0.11500588 -0.83388324 -300.47705505086697 0.0
1.181439985806404e-134 300.19812007675847 -2.27698515e+01 -2.41655528e+00 -4.57731249e-03 -4.03276847e-01 -1.60429766e+00 -300.2825443990359 0.0
1.3461752922929017e-134 300.0196633138743 -22.67210726 -2.08043807 -1.61050158 -0.47037974 -1.40243006 -300.19812007675847 0.0
1.5631622821913455e-134 299.8876516454836 -22.43493537 -2.03008554 -0.06091626 -1.69485878 -1.00316809 -300.0196633138743 0.0
1.921625047494434e-134 299.613179861329 -22.86950093 -2.25324314 -1.10753098 -0.83807922 -1.5537465 -299.8876516454836 0.0
3.503071014479729e-134 298.8151241614113 -22.86894684 -2.25264844 -1.46472093 -0.86855133 -1.54802774 -299.613179861329 0.0
4.980953095061773e-134 298.74721691932905 -2.26089417e+01 -2.14628710e+00 -8.74560300e-01 -1.46556827e-02 -4.64525772e-01 -298.8151241614113 0.0
5.241626316411611e-134 298.70442414512365 -22.81659285 -2.2836066 -0.65606946 -0.87409399 -1.54030986 -298.74721691932905 0.0
5.411681778292426e-134 298.67513339883885 -22.8483552 -2.2629317 -0.97240227 -1.04203714 -1.78496893 -298.70442414512365 0.0
5.845605227041566e-134 298.5461231962998 -22.67109685 -2.18407237 -1.6790049 -0.40191457 -0.64681489 -298.67513339883885 0.0
6.614686533152818e-134 298.41977509258567 -22.63596866 -2.08491145 -1.66825184 -0.70097 -1.78694437 -298.5461231962998 0.0
7.528857356952114e-134 298.280120955688 -22.87641368 -2.23239582 -1.88778001 -1.73407259 -1.2854215 -298.41977509258567 0.0
8.150085212759604e-134 298.2485974150437 -22.57410856 -2.28405695 -0.12841617 -1.63143892 -0.16701834 -298.280120955688 0.0
8.473888018920175e-134 298.19469272169044 -22.70500816 -2.14044072 -1.57781576 -0.41298956 -1.58410003 -298.2485974150437 0.0
8.916622116618862e-134 298.13881208927825 -23.03783948 -2.43374768 -1.23503563 -1.91811369 -1.84429295 -298.19469272169044 0.0
9.748600679269114e-134 298.0115605002475 -23.2376094 -3.00489273 -0.99551085 -0.46869962 -0.5951565 -298.13881208927825 0.0
1.2136539084604128e-133 297.71107690508694 -24.4358695 -2.71451115 -1.09634857 -0.04553037 -0.55729906 -298.0115605002475 0.0
1.3991824052803583e-133 297.69663540849785 -23.61104104 -3.11130951 -1.85880051 -0.0649171 -1.800081 -297.71107690508694 0.0
1.4283684779857463e-133 297.6620501467043 -22.68225873 -2.27605803 -0.17631738 -1.33363355 -0.55829741 -297.69663540849785 0.0
1.7210250031049926e-133 297.3412039305869 -23.35476525 -2.55315608 -1.05982588 -0.15499811 -1.16003087 -297.6620501467043 0.0
2.2993309040069947e-133 297.067688571385 -22.44922589 -2.06980387 -0.76244104 -1.93968346 -0.41561942 -297.3412039305869 0.0
2.9780814573912262e-133 296.8133780734531 -22.97612618 -2.41030115 -1.39835591 -0.72016157 -0.91734605 -297.067688571385 0.0
3.4949619526106616e-133 296.7254263049053 -24.31446003 -2.82426424 -0.7182711 -0.14601414 -1.81068252 -296.8133780734531 0.0
3.800467494875429e-133 296.63777754773275 -22.78452859 -2.22340348 -0.48017581 -0.11642709 -1.46445706 -296.7254263049053 0.0
4.593275989107322e-133 296.3563226709713 -22.75347781 -2.18407529 -0.54021523 -1.08639997 -1.78574789 -296.63777754773275 0.0
5.348110131890714e-133 296.3063783430657 -22.53300577 -2.03635703 -0.60541431 -0.61368103 -1.18578751 -296.3563226709713 0.0
5.967961782522857e-133 296.135667397543 -22.58720842 -2.04968802 -1.14718311 -1.8786876 -0.97821066 -296.3063783430657 0.0
8.097583407238292e-133 295.723059863928 -22.57682064 -2.01848638 -1.30738373 -1.48824761 -0.91559026 -296.135667397543 0.0
9.77030903573757e-133 295.70989909046614 -2.28398653e+01 -2.56531168e+00 -1.79893157e+00 -1.38673233e+00 -1.30545825e-03 -295.723059863928 0.0
9.97034073742211e-133 295.67480704135903 -23.57594383 -2.66538122 -0.87487644 -0.06914244 -1.58741689 -295.70989909046614 0.0
1.1845066262353126e-132 295.3788343449276 -23.86728567 -2.98537195 -1.13248253 -0.32693594 -1.49903151 -295.67480704135903 0.0
1.4054123110455185e-132 295.30437931667535 -22.72099499 -2.25378989 -1.39202988 -1.29887588 -0.68206167 -295.3788343449276 0.0
1.517770455238263e-132 295.21752652838813 -22.72814637 -2.24953245 -1.53834206 -0.20821502 -0.54137766 -295.30437931667535 0.0
1.6559250850431657e-132 295.12253050010844 -22.87758374 -2.29705772 -0.90895476 -0.56398844 -1.84482356 -295.21752652838813 0.0
1.853887194391069e-132 294.9860881842037 -23.17060084 -2.31739922 -0.71040325 -1.53556702 -1.91050322 -295.12253050010844 0.0
1.9923617001806044e-132 294.96592537340086 -23.05701788 -2.6216688 -1.16085876 -0.32131299 -0.18908945 -294.9860881842037 0.0
2.0918427855475075e-132 294.8823009140522 -22.88655042 -2.29413312 -1.43120428 -0.09768123 -1.15473884 -294.96592537340086 0.0
2.573717021690657e-132 294.5664236260108 -22.89623872 -2.59034414 -0.04284083 -0.69490237 -0.11562492 -294.8823009140522 0.0
3.8210004965352845e-132 294.1106435005604 -22.84699189 -2.44913877 -0.36664706 -0.37488558 -0.45152026 -294.5664236260108 0.0
4.76595960558187e-132 294.0654856503686 -22.89332639 -2.40962592 -0.28221568 -0.9956508 -1.36991301 -294.1106435005604 0.0
6.076684396886239e-132 293.6575471958744 -22.95116193 -2.64634592 -0.08430238 -1.19428378 -0.17640575 -294.0654856503686 0.0
1.5962775992764875e-131 292.436328657706 -22.99710244 -2.45825768 -1.27034284 -1.80017902 -1.09699371 -293.6575471958744 0.0
2.6757948080214916e-131 292.2714609573236 -23.01969781 -2.26767356 -1.6505929 -1.84357227 -1.68760271 -292.436328657706 0.0
6.013074187293736e-131 291.11789668101716 -23.09529567 -2.42715106 -0.61246263 -0.75601117 -1.9430534 -292.2714609573236 0.0
9.867730866820059e-131 290.9630766020655 -22.9735518 -2.48140479 -0.26877385 -1.53874384 -1.24906466 -291.11789668101716 0.0
1.2579898081823915e-130 290.6436642223427 -22.99843499 -2.5121391 -0.70741701 -1.03502258 -0.89871715 -290.9630766020655 0.0
1.829442971290693e-130 290.22434091697835 -2.42210170e+01 -2.79847089e+00 -1.71341040e+00 -1.65360060e+00 -2.06833872e-02 -290.6436642223427 0.0
2.2410943450654002e-130 290.18649306988647 -23.20006862 -2.51261921 -0.52850702 -0.38978756 -1.20052293 -290.22434091697835 0.0
2.5940392999838568e-130 289.9387944896002 -24.9884071 -2.62807618 -0.08963601 -0.15113003 -1.0844507 -290.18649306988647 0.0
3.5705064404041183e-130 289.55990389152174 -23.07318304 -2.62466061 -0.84916967 -0.4711984 -0.27924382 -289.9387944896002 0.0
4.522982049840863e-130 289.42664183043064 -22.97944418 -2.385118 -1.90738076 -0.86359735 -1.98069656 -289.55990389152174 0.0
7.594704162804664e-130 288.6558987289701 -23.75193766 -2.7910776 -0.87991981 -1.59904435 -1.77853637 -289.42664183043064 0.0
1.978347497464667e-129 287.6172653932496 -2.30354249e+01 -2.80622852e+00 -1.37850483e+00 -2.78239167e-01 -1.76043534e-02 -288.6558987289701 0.0
3.154348737370039e-129 287.46248389976614 -23.00254744 -2.44114403 -1.1560031 -0.97554393 -1.38307955 -287.6172653932496 0.0
4.356781575581738e-129 287.0084866930507 -23.38793655 -2.4908479 -1.17247574 -0.91118016 -1.50285205 -287.46248389976614 0.0
7.690887936379553e-129 286.36773440126507 -23.06999899 -2.66227289 -0.80620683 -0.98052139 -1.77800058 -287.0084866930507 0.0
1.2452311281533405e-128 285.9742846147122 -23.61760964 -2.43971966 -1.95859864 -1.48116008 -1.89389234 -286.36773440126507 0.0
1.6755560047008216e-128 285.74120039094703 -24.20350534 -2.78327537 -0.75617803 -0.52074418 -1.32176934 -285.9742846147122 0.0
4.791015318261361e-128 284.3193661979917 -23.04373896 -2.31774278 -1.35791277 -1.68850755 -1.90930894 -285.74120039094703 0.0
8.631418689642495e-128 284.1000702951991 -23.47533618 -3.11492295 -1.7499952 -0.78277816 -0.50504158 -284.3193661979917 0.0
1.030592184301869e-127 283.95036185700246 -23.57043494 -2.75311845 -1.333971 -1.86430249 -0.45146867 -284.1000702951991 0.0
1.2481273847159372e-127 283.717045206338 -23.21778789 -2.90753067 -0.46769589 -0.63018954 -1.25484394 -283.95036185700246 0.0
1.9448907276722064e-127 283.12737365273307 -23.06845847 -2.55420316 -1.89834266 -0.33756295 -0.9122308 -283.717045206338 0.0
4.682652637867676e-127 282.11297134409654 -24.18347102 -2.73263458 -0.61723026 -1.46738362 -1.87240024 -283.12737365273307 0.0
1.3673177635587492e-126 281.0161225897655 -23.06954359 -2.6179329 -0.91565705 -1.39850182 -1.33798428 -282.11297134409654 0.0
4.6705506700558466e-126 279.7422411496744 -23.15205947 -2.95766847 -0.14497873 -1.98923179 -0.75953953 -281.0161225897655 0.0
7.696305206476748e-126 279.6313762232849 -23.10672681 -2.83051244 -1.46959649 -1.15412977 -0.58191487 -279.7422411496744 0.0
1.06987222263838e-125 279.13370785480356 -23.19302423 -2.54881094 -1.18787072 -0.16516089 -1.150531 -279.6313762232849 0.0
2.0914900447553255e-125 278.3654794688442 -23.91178214 -2.5801608 -1.99649261 -1.01922128 -1.14952425 -279.13370785480356 0.0
4.6631162597874064e-125 277.54272153726276 -24.13238527 -2.91929154 -0.66257035 -0.16423666 -0.92305246 -278.3654794688442 0.0
6.584346655619061e-125 277.5031992849752 -23.06347371 -2.83581942 -1.62895341 -1.07495399 -0.24704623 -277.54272153726276 0.0
9.307052764573264e-125 276.9247127884188 -23.95458387 -2.87435814 -0.56654783 -0.90390156 -1.46988644 -277.5031992849752 0.0
1.3652388628110944e-124 276.6634296011183 -23.1463038 -2.60766134 -1.18665092 -0.15263956 -1.43379014 -276.9247127884188 0.0
2.8979396232281446e-124 275.6437621422684 -23.35222855 -2.96976736 -1.25339674 -0.04515844 -1.10174272 -276.6634296011183 0.0
4.995915205567612e-124 275.3398179895 -23.3305673 -2.82188701 -1.26182467 -1.59967497 -1.54810681 -275.6437621422684 0.0
6.5163048092664435e-124 275.0961983334769 -23.14888327 -2.80751429 -0.58558028 -1.81097361 -0.96330775 -275.3398179895 0.0
1.291925096263029e-123 274.15983578755646 -23.05173403 -2.65216866 -1.23770191 -1.11873443 -0.55931709 -275.0961983334769 0.0
3.0432572669654246e-123 273.33031024039724 -23.2665587 -2.97113711 -1.74652377 -1.18928302 -0.68587851 -274.15983578755646 0.0
5.206603080247432e-123 272.9470431561007 -23.21700948 -2.35475127 -1.41972725 -1.1656165 -1.72663971 -273.33031024039724 0.0
1.953233421967141e-122 271.2729800415115 -23.14447483 -2.70767998 -1.25479057 -0.20448238 -0.05229541 -272.9470431561007 0.0
6.280841006949754e-122 270.23137522080805 -23.78403803 -2.71054347 -0.38755411 -0.62018327 -1.08089695 -271.2729800415115 0.0
1.3707432095191802e-121 269.55619870017534 -23.69332148 -2.87130516 -1.26073479 -0.12269957 -0.11472544 -270.23137522080805 0.0
4.919593082900848e-121 268.06606264141755 -23.12698052 -2.65248879 -1.24368513 -0.38874843 -1.54520869 -269.55619870017534 0.0
9.12006328327718e-121 267.8186905391581 -23.79515724 -2.97713164 -1.20355904 -0.40708201 -1.56538428 -268.06606264141755 0.0
2.969793911861438e-120 266.2454535709928 -23.64309975 -2.63538667 -1.10565205 -0.66057555 -1.98143265 -267.8186905391581 0.0
5.1654906719196195e-120 266.14250373585435 -23.34078388 -3.06072687 -1.8429204 -1.95530647 -0.51992576 -266.2454535709928 0.0
6.315301451309496e-120 265.85365633931644 -2.30731560e+01 -2.86484505e+00 -1.93331211e+00 -1.07164000e+00 -9.22094759e-03 -266.14250373585435 0.0
7.965359252782295e-120 265.65894379555186 -23.24588232 -2.38432879 -0.95601086 -1.73983328 -1.45044636 -265.85365633931644 0.0
1.6099850566120917e-119 264.6658431656342 -23.08153212 -2.80839057 -1.57309723 -0.38664837 -0.14993266 -265.65894379555186 0.0
2.732273323862083e-119 264.3768924361304 -23.85928753 -2.71633497 -1.72806905 -0.34847356 -0.87740327 -264.6658431656342 0.0
4.1471232189254994e-119 263.86684139740566 -23.8617117 -2.73783167 -1.80083706 -1.1488249 -1.8597209 -264.3768924361304 0.0
5.977830422147536e-119 263.59209069750864 -23.42479085 -2.54117056 -0.83821994 -1.15567671 -1.2675505 -263.86684139740566 0.0
1.4695006382568612e-118 262.3851506401394 -24.08434404 -2.70684401 -0.49935571 -1.79856732 -0.36699685 -263.59209069750864 0.0
3.9362989083636604e-118 261.4713421139725 -23.33824181 -2.54323755 -0.95943568 -1.91834272 -0.92081363 -262.3851506401394 0.0
1.5367648299456695e-117 259.969159955572 -23.64222702 -2.5818063 -0.61700153 -1.82486879 -1.6045053 -261.4713421139725 0.0
2.5395748018281537e-117 259.9410029306454 -24.1597708 -2.88686618 -0.48160611 -1.07808951 -0.13608684 -259.969159955572 0.0
2.953542849667004e-117 259.67641154855954 -23.20337479 -2.82534051 -1.59383026 -1.10364702 -0.87144294 -259.9410029306454 0.0
4.054796490894014e-117 259.3143687237574 -23.19430807 -2.88781137 -0.25298477 -1.91157154 -1.43946589 -259.67641154855954 0.0
5.7126676098003375e-117 258.9783588451171 -23.44577988 -2.70650339 -1.67047147 -0.07802052 -0.44051797 -259.3143687237574 0.0
1.497397904353791e-116 257.72208510069714 -23.33288447 -2.96922487 -0.5564156 -1.88495506 -0.98365365 -258.9783588451171 0.0
4.6833851068206215e-116 256.61212185895096 -23.37580005 -2.57403173 -1.36168995 -0.39495719 -1.33973468 -257.72208510069714 0.0
7.126323352318088e-116 256.5814066815288 -23.18562239 -2.95127667 -0.19155008 -0.08834775 -0.15420914 -256.61212185895096 0.0
1.0397800941304678e-115 255.94721328517153 -23.36734032 -2.90889579 -0.63651344 -1.21982296 -1.48345364 -256.5814066815288 0.0
3.791932446636356e-115 254.4204302664524 -23.9780532 -2.9321374 -1.27730864 -0.66269517 -0.40677522 -255.94721328517153 0.0
1.1784410485943286e-114 253.39152577777492 -23.41644406 -2.94268267 -1.53535911 -0.71129147 -1.76977672 -254.4204302664524 0.0
1.812679075030961e-114 253.2995821187892 -23.08445701 -2.59298229 -0.58068776 -1.97205107 -1.36221419 -253.39152577777492 0.0
2.011010173800726e-114 253.17749079666117 -23.27975618 -3.02907884 -1.12498514 -0.32135244 -0.28955365 -253.2995821187892 0.0
2.7389692007769187e-114 252.72151842867243 -23.31110378 -2.62339244 -0.78105512 -0.53418086 -0.61379198 -253.17749079666117 0.0
3.519458130393918e-114 252.6191415202224 -2.35344725e+01 -3.15985105e+00 -1.59236551e-02 -9.74185579e-01 -1.69606158e+00 -252.72151842867243 0.0
6.767302822970304e-114 251.6358753538884 -23.09996104 -2.67071488 -1.36289422 -1.20285415 -0.54328268 -252.6191415202224 0.0
1.1176873900535884e-113 251.39017250486722 -23.10478475 -2.54753268 -0.68086833 -1.77024686 -1.02355754 -251.6358753538884 0.0
1.9235292940078354e-113 250.65812230722386 -23.10706514 -2.72493854 -0.14192643 -1.9099673 -1.62423131 -251.39017250486722 0.0
2.720419858041409e-113 250.5602476949458 -24.97366229 -2.4496444 -0.40736622 -0.73348101 -1.64416216 -250.65812230722386 0.0
1.9278342172975052e-112 248.02922243625366 -23.16364926 -2.89431977 -1.40388967 -0.89451492 -0.28941476 -250.5602476949458 0.0
5.05864851167849e-112 247.4172046210957 -23.72864458 -2.80694406 -0.90644571 -1.39933911 -1.58457232 -248.02922243625366 0.0
8.087207559034038e-112 247.02824162059986 -23.26476626 -2.25754483 -1.58356314 -1.72873254 -1.97061827 -247.4172046210957 0.0
1.2772271689966671e-111 246.52123473768827 -23.27607723 -2.67459567 -1.18818813 -0.79613102 -0.31922155 -247.02824162059986 0.0
1.692545408013558e-111 246.39741642039496 -23.46419763 -3.03100458 -0.75563303 -0.05704929 -1.11746858 -246.52123473768827 0.0
1.9172786995211497e-111 246.26448807054726 -24.06905301 -2.87582373 -1.91008833 -0.80811334 -0.3403344 -246.39741642039496 0.0
2.343207815895408e-111 246.00108543405008 -23.19235431 -2.62146046 -0.60171247 -0.30104982 -1.31446978 -246.26448807054726 0.0
3.0360358694393077e-111 245.7383527651714 -23.27177474 -2.54561155 -1.5057437 -1.92888845 -0.83169016 -246.00108543405008 0.0
4.995888739957635e-111 245.0847264123322 -2.34575326e+01 -3.02026849e+00 -8.04721249e-01 -2.02478910e-02 -1.20145872e+00 -245.7383527651714 0.0
8.276108775029532e-111 244.66054480041123 -23.23669318 -2.69619603 -1.48214023 -0.63354096 -0.21212039 -245.0847264123322 0.0
2.072226988162646e-110 243.51037561251184 -23.1330669 -2.77876888 -1.7985971 -1.02723054 -0.53761379 -244.66054480041123 0.0
3.374136930629009e-110 243.36859590567758 -23.53714195 -3.06597777 -0.62563079 -0.08074644 -1.10794808 -243.51037561251184 0.0
3.6739196918754666e-110 243.32755239361288 -23.26583071 -3.02901421 -0.11192353 -1.71750973 -0.80165022 -243.36859590567758 0.0
5.283141122469687e-110 242.7235256382607 -24.8535652 -2.50521088 -0.40754681 -0.80983307 -1.57666885 -243.32755239361288 0.0
7.629129779347267e-110 242.50655066639925 -23.14504037 -2.76215408 -0.24273604 -1.0643754 -1.52682079 -242.7235256382607 0.0
9.443344239927303e-110 242.2889378378212 -23.16222841 -2.94948625 -0.08887938 -0.73628579 -0.20327246 -242.50655066639925 0.0
1.0475121718245109e-109 242.27938806273227 -23.47112416 -2.81574573 -1.8495568 -1.63077018 -1.59122261 -242.2889378378212 0.0
1.3414689115726918e-109 241.83516886182582 -23.8850596 -3.02936467 -1.34140131 -0.84192561 -0.16797818 -242.27938806273227 0.0
1.7118969717465018e-109 241.73719662826963 -24.1639141 -2.77036454 -0.61037087 -0.76272248 -1.25550498 -241.83516886182582 0.0
3.8219156292997886e-109 240.55124688498498 -23.57754295 -2.64075514 -0.56894778 -0.81278843 -1.99103932 -241.73719662826963 0.0
6.661504675554698e-109 240.30089368894153 -24.30723475 -2.61337675 -1.16274723 -0.59451413 -1.46375745 -240.55124688498498 0.0
8.218187546766936e-109 240.1161465685544 -23.12395411 -2.65280693 -1.97466058 -1.79378177 -0.63788123 -240.30089368894153 0.0
1.0338220146834857e-108 239.84386954565483 -23.42598501 -2.64565736 -0.98867057 -0.04407647 -1.28907391 -240.1161465685544 0.0
1.3205140214010204e-108 239.61341675991855 -23.40642978 -2.59458744 -1.99693517 -0.53250541 -1.40248246 -239.84386954565483 0.0
1.6776433097390151e-108 239.3599218533065 -23.18859983 -2.94032421 -0.85811655 -1.13514428 -0.14229374 -239.61341675991855 0.0
2.542680846988843e-108 238.82773761471654 -23.18703669 -2.38511062 -1.63342547 -1.62315516 -1.53342601 -239.3599218533065 0.0
4.850847835192839e-108 238.1146141392615 -23.15933131 -2.6279392 -0.64359168 -1.03234161 -0.62251008 -238.82773761471654 0.0
1.2749268812869554e-107 237.03890947632664 -23.31805838 -2.82405078 -1.08750926 -0.02875234 -1.60846367 -238.1146141392615 0.0
2.835951547358307e-107 236.3482731618895 -23.49180496 -2.66448495 -0.58238084 -0.92337251 -0.97596743 -237.03890947632664 0.0
9.818169367926715e-107 234.9088653663249 -23.79061667 -2.86736545 -0.89485277 -1.88730151 -1.05238064 -236.3482731618895 0.0
3.0378656928621277e-106 233.86402112870024 -23.34786324 -2.57108872 -1.94027498 -0.7163402 -1.16227381 -234.9088653663249 0.0
1.534751298025659e-105 232.09647986498572 -23.44532501 -2.99356723 -1.87112633 -0.61863623 -0.92620501 -233.86402112870024 0.0
3.085641936128733e-105 231.7866219305044 -23.28868305 -2.71772071 -0.39391397 -1.97529619 -0.31882083 -232.09647986498572 0.0
3.952545368974501e-105 231.58003842011755 -23.32056452 -3.01664947 -1.79752643 -1.25986173 -0.4163361 -231.7866219305044 0.0
4.582566600771804e-105 231.4749483965739 -23.45014753 -2.91989885 -1.66222566 -1.95860757 -1.1007618 -231.58003842011755 0.0
5.9887703241429575e-105 231.07397034788184 -23.40017265 -3.07457103 -1.36742602 -0.67955765 -0.41297446 -231.4749483965739 0.0
7.215324788916334e-105 231.05448762237162 -23.45071899 -2.68328432 -0.59515604 -0.10063027 -0.94765379 -231.07397034788184 0.0
7.459061419158718e-105 231.00018378059184 -23.27418275 -3.02001841 -0.24441329 -1.61661295 -0.36510842 -231.05448762237162 0.0
7.808958646350833e-105 230.95460177278224 -23.16417395 -2.5661401 -1.96160043 -0.65309496 -1.30258518 -231.00018378059184 0.0
8.134036467964906e-105 230.91059315989588 -23.19449135 -2.83814287 -0.33088689 -1.71707602 -0.71349152 -230.95460177278224 0.0
8.523372592923732e-105 230.8534404451298 -23.32808841 -2.62259433 -1.79699731 -0.56871506 -0.79601968 -230.91059315989588 0.0
1.72560847677567e-104 229.77082095070722 -23.35832093 -2.96191729 -0.28323158 -0.25096359 -1.02436935 -230.8534404451298 0.0
3.474842324710487e-104 229.23636151715445 -23.18693602 -2.74310213 -0.39364393 -1.0590072 -1.45544524 -229.77082095070722 0.0
4.623032501112785e-104 229.12438858818874 -23.23209725 -2.83368022 -0.20597608 -0.87544545 -1.93596987 -229.23636151715445 0.0
5.464978821385125e-104 228.90286865359104 -24.42072369 -2.35098914 -0.84503881 -1.96898473 -1.94084427 -229.12438858818874 0.0
1.2625275821732837e-103 227.74660536901982 -23.31989518 -2.88775498 -0.544821 -0.35892429 -1.11072665 -228.90286865359104 0.0
3.089738129700398e-103 226.9445191892568 -24.58789179 -2.65769289 -0.05474096 -1.81687277 -0.7900722 -227.74660536901982 0.0
4.823791776772907e-103 226.70525116033994 -23.16571059 -2.67910094 -0.32215715 -1.62107836 -1.64639152 -226.9445191892568 0.0
7.066067204352928e-103 226.21763256211173 -23.22789808 -2.72783672 -0.04903269 -1.72391058 -1.53970828 -226.70525116033994 0.0
9.58475024442156e-103 226.0368269275249 -23.27997108 -2.79875991 -1.25961379 -0.4757643 -1.3946324 -226.21763256211173 0.0
1.070143869630584e-102 225.98183319879837 -23.89765289 -2.63284542 -1.15328894 -0.77481385 -1.06967407 -226.0368269275249 0.0
2.0019206340262726e-102 225.00506067551723 -23.38017846 -3.00921514 -0.51694051 -1.07649135 -0.6797235 -225.98183319879837 0.0
1.4445152278447837e-101 222.81092489518002 -24.9910789 -2.60967984 -0.03929483 -0.99522872 -1.7083042 -225.00506067551723 0.0
2.7198252731616226e-101 222.71462535359046 -23.2280629 -2.58842531 -1.57849515 -1.62309187 -1.56844807 -222.81092489518002 0.0
3.3196705903840536e-101 222.4231868824813 -23.28587502 -2.72489792 -1.12517158 -1.47577157 -0.26211569 -222.71462535359046 0.0
3.832364048326541e-101 222.3984028989248 -24.41398671 -2.63943353 -0.5542179 -1.00121407 -1.62909467 -222.4231868824813 0.0
5.550079022909586e-101 221.77117208139407 -23.16227278 -2.82839425 -0.03865223 -1.10610307 -0.38245121 -222.3984028989248 0.0
